x,y,initial,early,middle,final
0,0,0.0,0.0,0.0,0.0
1,0,0.0,0.0,0.0,0.0
2,0,0.0,0.0,0.0,0.0
3,0,0.0,0.0,0.0,0.0
4,0,0.0,0.0,0.0,0.0
5,0,0.0,0.0,0.0,0.0
6,0,0.0,0.0,0.0,0.0
7,0,0.0,0.0,0.0,0.0
8,0,0.0,0.0,0.0,0.0
9,0,0.0,0.0,0.0,0.0
10,0,0.0,0.0,0.0,0.0
11,0,0.0,0.0,0.0,0.0
12,0,0.0,0.0,0.0,0.0
13,0,0.0,0.0,0.0,0.0
14,0,0.0,0.0,0.0,0.0
15,0,0.0,0.0,0.0,0.0
16,0,0.0,0.0,0.0,0.0
17,0,0.0,0.0,0.0,0.0
18,0,0.0,0.0,0.0,0.0
19,0,0.0,0.0,0.0,0.0
20,0,0.0,0.0,0.0,0.0
21,0,0.0,0.0,0.0,0.0
22,0,0.0,0.0,0.0,0.0
23,0,0.0,0.0,0.0,0.0
24,0,0.0,0.0,0.0,0.0
25,0,0.0,0.0,0.0,0.0
26,0,0.0,0.0,0.0,0.0
27,0,0.0,0.0,0.0,0.0
28,0,0.0,0.0,0.0,0.0
29,0,0.0,0.0,0.0,0.0
30,0,0.0,0.0,0.0,0.0
31,0,0.0,0.0,0.0,0.0
32,0,0.0,0.0,0.0,0.0
33,0,0.0,0.0,0.0,0.0
34,0,0.0,0.0,0.0,0.0
35,0,0.0,0.0,0.0,0.0
36,0,0.0,0.0,0.0,0.0
37,0,0.0,0.0,0.0,0.0
38,0,0.0,0.0,0.0,0.0
39,0,0.0,0.0,0.0,0.0
40,0,0.0,0.0,0.0,0.0
41,0,0.0,0.0,0.0,0.0
42,0,0.0,0.0,0.0,0.0
43,0,0.0,0.0,0.0,0.0
44,0,0.0,0.0,0.0,0.0
45,0,0.0,0.0,0.0,0.0
46,0,0.0,0.0,0.0,0.0
47,0,0.0,0.0,0.0,0.0
48,0,0.0,0.0,0.0,0.0
49,0,0.0,0.0,0.0,0.0
50,0,0.0,0.0,0.0,0.0
51,0,0.0,0.0,0.0,0.0
52,0,0.0,0.0,0.0,0.0
53,0,0.0,0.0,0.0,0.0
54,0,0.0,0.0,0.0,0.0
55,0,0.0,0.0,0.0,0.0
56,0,0.0,0.0,0.0,0.0
57,0,0.0,0.0,0.0,0.0
58,0,0.0,0.0,0.0,0.0
59,0,0.0,0.0,0.0,0.0
60,0,0.0,0.0,0.0,0.0
61,0,0.0,0.0,0.0,0.0
62,0,0.0,0.0,0.0,0.0
63,0,0.0,0.0,0.0,0.0
64,0,0.0,0.0,0.0,0.0
65,0,0.0,0.0,0.0,0.0
66,0,0.0,0.0,0.0,0.0
67,0,0.0,0.0,0.0,0.0
68,0,0.0,0.0,0.0,0.0
69,0,0.0,0.0,0.0,0.0
70,0,0.0,0.0,0.0,0.0
71,0,0.0,0.0,0.0,0.0
72,0,0.0,0.0,0.0,0.0
73,0,0.0,0.0,0.0,0.0
74,0,0.0,0.0,0.0,0.0
75,0,0.0,0.0,0.0,0.0
76,0,0.0,0.0,0.0,0.0
77,0,0.0,0.0,0.0,0.0
78,0,0.0,0.0,0.0,0.0
79,0,0.0,0.0,0.0,0.0
80,0,0.0,0.0,0.0,0.0
81,0,0.0,0.0,0.0,0.0
82,0,0.0,0.0,0.0,0.0
83,0,0.0,0.0,0.0,0.0
84,0,0.0,0.0,0.0,0.0
85,0,0.0,0.0,0.0,0.0
86,0,0.0,0.0,0.0,0.0
87,0,0.0,0.0,0.0,0.0
88,0,0.0,0.0,0.0,0.0
89,0,0.0,0.0,0.0,0.0
90,0,0.0,0.0,0.0,0.0
91,0,0.0,0.0,0.0,0.0
92,0,0.0,0.0,0.0,0.0
93,0,0.0,0.0,0.0,0.0
94,0,0.0,0.0,0.0,0.0
95,0,0.0,0.0,0.0,0.0
0,1,0.0,0.0,0.0,0.0
1,1,2.248878e-17,3.416425e-11,4.5409097e-06,5.7892754e-05
2,1,5.0832012e-17,7.592546e-11,9.185201e-06,0.00011582381
3,1,1.1287861e-16,1.342077e-10,1.40365655e-05,0.00017383041
4,1,2.4625442e-16,2.2074945e-10,1.9199284e-05,0.00023194785
5,1,5.277878e-16,3.519194e-10,2.4778436e-05,0.00029020838
6,1,1.1113034e-15,5.510446e-10,3.0880008e-05,0.00034864031
7,1,2.2988497e-15,8.514557e-10,3.7610873e-05,0.0004072671
8,1,4.671807e-15,1.3004771e-09,4.507862e-05,0.00046610646
9,1,9.327432e-15,1.9646114e-09,5.339118e-05,0.00052516954
10,1,1.8295276e-14,2.9361806e-09,6.265627e-05,0.0005844602
11,1,3.525471e-14,4.341684e-09,7.2980605e-05,0.00064397446
12,1,6.674161e-14,6.352103e-09,8.446892e-05,0.00070369965
13,1,1.2412972e-13,9.195319e-09,9.7222684e-05,0.000763614
14,1,2.2680603e-13,1.3170714e-08,0.00011133868,0.0008236864
15,1,4.071315e-13,1.8665823e-08,0.00012690731,0.00088387594
16,1,7.179862e-13,2.6174703e-08,0.00014401066,0.0009441316
17,1,1.2439358e-12,3.6317385e-08,0.0001627206,0.0010043922
18,1,2.1172899e-12,4.9859388e-08,0.00018309646,0.0010645867
19,1,3.5404817e-12,6.772984e-08,0.00020518283,0.0011246337
20,1,5.8162845e-12,9.103642e-08,0.00022900732,0.0011844423
21,1,9.387057e-12,1.2107469e-07,0.0002545782,0.0012439118
22,1,1.4883825e-11,1.5932932e-07,0.00028188227,0.0013029327
23,1,2.3184583e-11,2.0746424e-07,0.00031088284,0.001361387
24,1,3.5480074e-11,2.6729882e-07,0.000341518,0.0014191484
25,1,5.3342317e-11,3.4076743e-07,0.00037369906,0.001476084
26,1,7.8787636e-11,4.298602e-07,0.0004073096,0.0015320539
27,1,1.1432636e-10,5.3654406e-07,0.00044220453,0.0015869134
28,1,1.629797e-10,6.6266404e-07,0.00047821042,0.0016405128
29,1,2.2825587e-10,8.098267e-07,0.0005151255,0.0016926992
30,1,3.1405933e-10,9.792694e-07,0.0005527209,0.001743317
31,1,4.2452286e-10,1.1717217e-06,0.0005907422,0.0017922098
32,1,5.637568e-10,1.3872653e-06,0.00062891183,0.0018392208
33,1,7.355019e-10,1.6252048e-06,0.00066693174,0.0018841946
34,1,9.427025e-10,1.883956e-06,0.0007044871,0.0019269779
35,1,1.1870439e-09,2.1609665e-06,0.00074125035,0.001967421
36,1,1.4684507e-09,2.452677e-06,0.00077688566,0.0020053792
37,1,1.784651e-09,2.754536e-06,0.00081105385,0.0020407136
38,1,2.1308204e-09,3.061065e-06,0.0008434178,0.0020732917
39,1,2.4994344e-09,3.3659924e-06,0.00087364775,0.00210299
40,1,2.8802958e-09,3.6624397e-06,0.000901427,0.0021296942
41,1,3.2608658e-09,3.943165e-06,0.00092645735,0.0021532993
42,1,3.6268468e-09,4.2008473e-06,0.0009484642,0.0021737122
43,1,3.9630175e-09,4.428396e-06,0.00096720207,0.002190851
44,1,4.2542605e-09,4.6192754e-06,0.0009824584,0.0022046464
45,1,4.486646e-09,4.7678136e-06,0.0009940583,0.002215043
46,1,4.648586e-09,4.869483e-06,0.0010018676,0.0022219976
47,1,4.731735e-09,4.921127e-06,0.0010057951,0.0022254821
48,1,4.731735e-09,4.921127e-06,0.0010057951,0.0022254821
49,1,4.648586e-09,4.869483e-06,0.0010018676,0.0022219976
50,1,4.486646e-09,4.7678136e-06,0.0009940583,0.0022150427
51,1,4.2542605e-09,4.619276e-06,0.0009824584,0.0022046464
52,1,3.9630175e-09,4.428396e-06,0.000967202,0.0021908507
53,1,3.6268468e-09,4.2008473e-06,0.0009484642,0.002173712
54,1,3.2608658e-09,3.943165e-06,0.0009264574,0.0021532993
55,1,2.8802958e-09,3.6624394e-06,0.00090142706,0.002129694
56,1,2.4994344e-09,3.3659924e-06,0.0008736478,0.0021029904
57,1,2.1308204e-09,3.061065e-06,0.0008434178,0.0020732917
58,1,1.784651e-09,2.754536e-06,0.0008110539,0.0020407136
59,1,1.4684507e-09,2.4526773e-06,0.00077688566,0.0020053792
60,1,1.1870461e-09,2.1609667e-06,0.0007412504,0.0019674208
61,1,9.427025e-10,1.8839563e-06,0.00070448715,0.0019269779
62,1,7.355019e-10,1.6252052e-06,0.0006669318,0.0018841944
63,1,5.637568e-10,1.3872657e-06,0.0006289119,0.0018392206
64,1,4.2452286e-10,1.1717219e-06,0.00059074233,0.0017922096
65,1,3.1405933e-10,9.792697e-07,0.000552721,0.0017433168
66,1,2.2825587e-10,8.098268e-07,0.0005151256,0.001692699
67,1,1.6298e-10,6.6266415e-07,0.0004782105,0.0016405127
68,1,1.14325924e-10,5.365441e-07,0.0004422046,0.0015869134
69,1,7.8787636e-11,4.2986025e-07,0.00040730962,0.0015320539
70,1,5.3342317e-11,3.4076749e-07,0.00037369915,0.001476084
71,1,3.548021e-11,2.6729887e-07,0.00034151808,0.0014191484
72,1,2.3184583e-11,2.0746427e-07,0.00031088293,0.001361387
73,1,1.4883825e-11,1.5932935e-07,0.00028188233,0.0013029329
74,1,9.387057e-12,1.210747e-07,0.00025457828,0.0012439119
75,1,5.8162737e-12,9.103644e-08,0.0002290074,0.0011844424
76,1,3.5404817e-12,6.7729864e-08,0.00020518292,0.001124634
77,1,2.1172899e-12,4.98594e-08,0.00018309653,0.0010645869
78,1,1.2439358e-12,3.631739e-08,0.00016272067,0.0010043924
79,1,7.179862e-13,2.6174707e-08,0.00014401072,0.00094413175
80,1,4.071315e-13,1.8665826e-08,0.00012690735,0.00088387623
81,1,2.2680603e-13,1.3170717e-08,0.00011133874,0.00082368666
82,1,1.2412972e-13,9.195321e-09,9.722273e-05,0.0007636143
83,1,6.674161e-14,6.3521037e-09,8.446896e-05,0.00070369995
84,1,3.525471e-14,4.3416852e-09,7.2980634e-05,0.00064397475
85,1,1.8295276e-14,2.9361815e-09,6.26563e-05,0.00058446045
86,1,9.327432e-15,1.9646118e-09,5.339121e-05,0.0005251697
87,1,4.671807e-15,1.3004773e-09,4.507865e-05,0.00046610663
88,1,2.2988497e-15,8.514558e-10,3.76109e-05,0.00040726727
89,1,1.1113077e-15,5.510447e-10,3.088003e-05,0.0003486405
90,1,5.277858e-16,3.519195e-10,2.477845e-05,0.00029020853
91,1,2.4625442e-16,2.207495e-10,1.9199295e-05,0.00023194797
92,1,1.1287861e-16,1.3420771e-10,1.4036573e-05,0.0001738305
93,1,5.0832204e-17,7.5925474e-11,9.185205e-06,0.000115823874
94,1,2.2488693e-17,3.4164258e-11,4.540912e-06,5.789279e-05
95,1,0.0,0.0,0.0,0.0
0,2,0.0,0.0,0.0,0.0
1,2,5.0832012e-17,7.592546e-11,9.185201e-06,0.00011582381
2,2,1.14897e-16,1.6872098e-10,1.85795e-05,0.0002317242
3,2,2.5514266e-16,2.98201e-10,2.839262e-05,0.0003477758
4,2,5.566157e-16,4.904238e-10,3.8835486e-05,0.0004640491
5,2,1.1929734e-15,7.817188e-10,5.012062e-05,0.00058060867
6,2,2.5119196e-15,1.2238491e-09,6.24624e-05,0.0006975112
7,2,5.1961537e-15,1.8907624e-09,7.607696e-05,0.0008148035
8,2,1.0559814e-14,2.8874358e-09,9.118192e-05,0.0009325211
9,2,2.1083053e-14,4.3613646e-09,0.00010799556,0.0010506863
10,2,4.13534e-14,6.517277e-09,0.00012673574,0.0011693068
11,2,7.9687355e-14,9.635647e-09,0.00014761832,0.0012883747
12,2,1.508579e-13,1.4095517e-08,0.00017085507,0.0014078645
13,2,2.8057385e-13,2.0402005e-08,0.00019665125,0.0015277328
14,2,5.126569e-13,2.9218612e-08,0.00022520257,0.0016479172
15,2,9.202524e-13,4.140409e-08,0.00025669183,0.001768336
16,2,1.6228841e-12,5.8053093e-08,0.00029128516,0.001888887
17,2,2.8117027e-12,8.053921e-08,0.00032912774,0.0020094481
18,2,4.785778e-12,1.10558105e-07,0.00037033958,0.0021298765
19,2,8.002664e-12,1.501676e-07,0.000415011,0.0022500101
20,2,1.3146735e-11,2.0182058e-07,0.00046319762,0.0023696667
21,2,2.1217864e-11,2.6838572e-07,0.00051491626,0.002488645
22,2,3.364232e-11,3.5314997e-07,0.0005701402,0.0026067256
23,2,5.2404754e-11,4.597967e-07,0.0006287952,0.0027236727
24,2,8.0196745e-11,5.923527e-07,0.00069075596,0.0028392335
25,2,1.2057112e-10,7.550988e-07,0.00075584324,0.002953142
26,2,1.7808621e-10,9.524386e-07,0.0008238214,0.0030651188
27,2,2.5841504e-10,1.1887234e-06,0.0008943972,0.0031748738
28,2,3.6838751e-10,1.4680342e-06,0.00096721965,0.0032821079
29,2,5.15934e-10,1.793923e-06,0.0010418808,0.0033865147
30,2,7.09877e-10,2.1691246e-06,0.0011179177,0.0034877837
31,2,9.595627e-10,2.5952488e-06,0.0011948158,0.0035856012
32,2,1.2742751e-09,3.0724723e-06,0.0012720138,0.0036796546
33,2,1.6624753e-09,3.5992505e-06,0.0013489085,0.0037696317
34,2,2.1308204e-09,4.1720723e-06,0.0014248639,0.0038552263
35,2,2.6831133e-09,4.785286e-06,0.0014992169,0.0039361394
36,2,3.3191863e-09,5.4310112e-06,0.0015712886,0.004012081
37,2,4.033896e-09,6.0991706e-06,0.001640393,0.004082772
38,2,4.8163615e-09,6.7776414e-06,0.0017058483,0.00414795
39,2,5.649541e-09,7.452543e-06,0.0017669876,0.0042073666
40,2,6.5104246e-09,8.108655e-06,0.0018231705,0.0042607915
41,2,7.370639e-09,8.729952e-06,0.0018737934,0.004308018
42,2,8.197863e-09,9.300236e-06,0.0019183016,0.004348857
43,2,8.957736e-09,9.803822e-06,0.001956198,0.004383146
44,2,9.6160235e-09,1.02262475e-05,0.0019870533,0.004410746
45,2,1.014131e-08,1.0554966e-05,0.002010514,0.0044315453
46,2,1.05073275e-08,1.0779961e-05,0.0020263079,0.004445459
47,2,1.0695271e-08,1.0894249e-05,0.002034251,0.0044524306
48,2,1.0695271e-08,1.0894249e-05,0.002034251,0.0044524306
49,2,1.05073275e-08,1.077996e-05,0.0020263079,0.004445459
50,2,1.014131e-08,1.0554966e-05,0.002010514,0.0044315457
51,2,9.6160235e-09,1.02262475e-05,0.0019870533,0.0044107456
52,2,8.957736e-09,9.803823e-06,0.001956198,0.0043831454
53,2,8.197863e-09,9.300236e-06,0.0019183016,0.0043488564
54,2,7.370639e-09,8.729952e-06,0.0018737934,0.0043080174
55,2,6.5104246e-09,8.108655e-06,0.0018231705,0.0042607924
56,2,5.6495515e-09,7.4525424e-06,0.0017669876,0.004207366
57,2,4.8163615e-09,6.777641e-06,0.0017058485,0.00414795
58,2,4.033896e-09,6.0991706e-06,0.001640393,0.0040827724
59,2,3.3191863e-09,5.4310117e-06,0.0015712888,0.004012081
60,2,2.6831133e-09,4.7852864e-06,0.001499217,0.0039361394
61,2,2.1308204e-09,4.172073e-06,0.001424864,0.0038552263
62,2,1.6624753e-09,3.599251e-06,0.0013489086,0.0037696315
63,2,1.2742751e-09,3.072473e-06,0.0012720139,0.0036796543
64,2,9.595627e-10,2.5952493e-06,0.001194816,0.003585601
65,2,7.09877e-10,2.1691249e-06,0.0011179178,0.0034877835
66,2,5.15934e-10,1.7939232e-06,0.0010418809,0.0033865147
67,2,3.6838893e-10,1.4680343e-06,0.00096721976,0.0032821079
68,2,2.5841454e-10,1.1887234e-06,0.0008943973,0.0031748738
69,2,1.7808621e-10,9.524387e-07,0.0008238215,0.0030651188
70,2,1.2057112e-10,7.5509894e-07,0.0007558434,0.002953142
71,2,8.01969e-11,5.923528e-07,0.00069075613,0.0028392335
72,2,5.2404754e-11,4.5979675e-07,0.00062879536,0.002723673
73,2,3.364232e-11,3.5315006e-07,0.0005701404,0.002606726
74,2,2.1217864e-11,2.6838575e-07,0.00051491644,0.0024886453
75,2,1.3146684e-11,2.0182063e-07,0.0004631978,0.0023696672
76,2,8.002664e-12,1.5016762e-07,0.00041501113,0.0022500106
77,2,4.785778e-12,1.10558126e-07,0.00037033975,0.002129877
78,2,2.8117027e-12,8.053922e-08,0.00032912783,0.0020094486
79,2,1.6228841e-12,5.8053104e-08,0.00029128525,0.0018888874
80,2,9.202524e-13,4.1404096e-08,0.00025669194,0.0017683364
81,2,5.126569e-13,2.9218619e-08,0.00022520268,0.0016479177
82,2,2.8057385e-13,2.0402009e-08,0.00019665135,0.0015277333
83,2,1.508579e-13,1.409552e-08,0.00017085517,0.001407865
84,2,7.9687355e-14,9.635649e-09,0.00014761838,0.0012883752
85,2,4.13534e-14,6.5172783e-09,0.0001267358,0.0011693073
86,2,2.1083053e-14,4.3613655e-09,0.00010799562,0.0010506867
87,2,1.0559814e-14,2.8874363e-09,9.118198e-05,0.00093252154
88,2,5.1961537e-15,1.8907629e-09,7.6077005e-05,0.0008148039
89,2,2.5119196e-15,1.2238494e-09,6.246243e-05,0.0006975115
90,2,1.1929688e-15,7.81719e-10,5.012065e-05,0.000580609
91,2,5.566157e-16,4.90424e-10,3.8835507e-05,0.00046404934
92,2,2.5514266e-16,2.9820105e-10,2.8392637e-05,0.000347776
93,2,1.1489744e-16,1.68721e-10,1.8579509e-05,0.00023172433
94,2,5.0831817e-17,7.592547e-11,9.185205e-06,0.000115823874
95,2,0.0,0.0,0.0,0.0
0,3,0.0,0.0,0.0,0.0
1,3,1.1287861e-16,1.342077e-10,1.40365655e-05,0.00017383043
2,3,2.5514266e-16,2.9820102e-10,2.839262e-05,0.00034777581
3,3,5.6657504e-16,5.269573e-10,4.338862e-05,0.0005219481
4,3,1.236037e-15,8.6646257e-10,5.9346836e-05,0.00069645303
5,3,2.6491413e-15,1.3808088e-09,7.6592e-05,0.0008713877
6,3,5.5780203e-15,2.16129e-09,9.5451636e-05,0.001046837
7,3,1.1538686e-14,3.3382934e-09,0.00011625604,0.0012228714
8,3,2.344934e-14,5.09687e-09,0.00013933763,0.0013995441
9,3,4.6817463e-14,7.69696e-09,0.00016502997,0.0015768884
10,3,9.183021e-14,1.1499288e-08,0.0001936659,0.001754916
11,3,1.7695537e-13,1.6997925e-08,0.00022557516,0.001933615
12,3,3.3499752e-13,2.4860435e-08,0.00026108138,0.0021129472
13,3,6.230469e-13,3.597623e-08,0.0003004981,0.0022928477
14,3,1.1384165e-12,5.151337e-08,0.00034412433,0.0024732223
15,3,2.0435314e-12,7.2983326e-08,0.00039223934,0.0026539487
16,3,3.6038097e-12,1.02312384e-07,0.0004450968,0.0028348735
17,3,6.2437247e-12,1.4191723e-07,0.0005029187,0.003015813
18,3,1.06273575e-11,1.947806e-07,0.00056588824,0.0031965543
19,3,1.777088e-11,2.6452156e-07,0.0006341433,0.0033768525
20,3,2.9193797e-11,3.554533e-07,0.000707769,0.0035564345
21,3,4.7116828e-11,4.7261895e-07,0.0007867908,0.003734999
22,3,7.470669e-11,6.217961e-07,0.00087116787,0.003912216
23,3,1.1637086e-10,8.094578e-07,0.0009607869,0.0040877317
24,3,1.7808655e-10,1.0426792e-06,0.0010554562,0.0042611673
25,3,2.677422e-10,1.32898e-06,0.001154902,0.0044321227
26,3,3.954604e-10,1.6760941e-06,0.0012587643,0.004600179
27,3,5.7384064e-10,2.091662e-06,0.0013665948,0.0047649005
28,3,8.180489e-10,2.582846e-06,0.0014778576,0.0049258387
29,3,1.1456938e-09,3.1558784e-06,0.001591929,0.005082534
30,3,1.5763645e-09,3.8155526e-06,0.0017081021,0.0052345195
31,3,2.1308204e-09,4.5646857e-06,0.0018255903,0.005381326
32,3,2.8296816e-09,5.4035754e-06,0.0019435362,0.0055224816
33,3,3.6917198e-09,6.3294947e-06,0.0020610187,0.005657521
34,3,4.731735e-09,7.3362653e-06,0.0021770652,0.0057859826
35,3,5.958165e-09,8.413946e-06,0.0022906638,0.0059074177
36,3,7.370639e-09,9.548684e-06,0.0024007761,0.006021391
37,3,8.957753e-09,1.0722772e-05,0.0025063548,0.006127486
38,3,1.0695292e-08,1.1914908e-05,0.0026063586,0.0062253056
39,3,1.2545486e-08,1.3100711e-05,0.0026997677,0.0063144783
40,3,1.4457128e-08,1.4253446e-05,0.002785604,0.00639466
41,3,1.6367363e-08,1.5344971e-05,0.002862946,0.006465537
42,3,1.8204343e-08,1.6346838e-05,0.0029309457,0.0065268287
43,3,1.9891694e-08,1.7231498e-05,0.002988844,0.00657829
44,3,2.1353499e-08,1.7973567e-05,0.003035985,0.0066197123
45,3,2.251996e-08,1.8551013e-05,0.0030718276,0.006650929
46,3,2.3332788e-08,1.894624e-05,0.0030959572,0.0066718105
47,3,2.375014e-08,1.9147003e-05,0.0031080933,0.0066822735
48,3,2.375014e-08,1.9147003e-05,0.0031080933,0.0066822735
49,3,2.3332788e-08,1.8946243e-05,0.0030959572,0.006671811
50,3,2.251996e-08,1.8551013e-05,0.0030718276,0.006650929
51,3,2.1353499e-08,1.7973569e-05,0.003035985,0.0066197123
52,3,1.9891694e-08,1.72315e-05,0.002988844,0.00657829
53,3,1.8204343e-08,1.6346838e-05,0.0029309457,0.0065268283
54,3,1.6367363e-08,1.5344971e-05,0.0028629461,0.006465537
55,3,1.4457128e-08,1.4253446e-05,0.0027856042,0.0063946596
56,3,1.2545486e-08,1.3100711e-05,0.0026997677,0.0063144783
57,3,1.0695292e-08,1.1914908e-05,0.0026063584,0.006225305
58,3,8.957753e-09,1.07227725e-05,0.0025063553,0.006127486
59,3,7.370639e-09,9.548685e-06,0.0024007764,0.0060213916
60,3,5.958165e-09,8.4139465e-06,0.002290664,0.0059074177
61,3,4.731735e-09,7.336266e-06,0.0021770652,0.0057859826
62,3,3.6917198e-09,6.329496e-06,0.0020610187,0.00565752
63,3,2.8296816e-09,5.403576e-06,0.0019435362,0.0055224816
64,3,2.1308204e-09,4.5646866e-06,0.0018255904,0.0053813257
65,3,1.5763645e-09,3.815553e-06,0.0017081022,0.00523452
66,3,1.1456938e-09,3.1558786e-06,0.0015919292,0.005082534
67,3,8.180489e-10,2.582846e-06,0.0014778577,0.0049258387
68,3,5.7384064e-10,2.0916623e-06,0.001366595,0.0047649005
69,3,3.954604e-10,1.6760945e-06,0.0012587645,0.004600179
70,3,2.677422e-10,1.3289801e-06,0.0011549023,0.0044321227
71,3,1.7808655e-10,1.0426793e-06,0.0010554565,0.0042611673
72,3,1.1637086e-10,8.094579e-07,0.0009607872,0.0040877317
73,3,7.470669e-11,6.2179623e-07,0.0008711682,0.003912216
74,3,4.7116828e-11,4.7261906e-07,0.0007867911,0.003734999
75,3,2.9193797e-11,3.5545332e-07,0.00070776924,0.0035564352
76,3,1.777088e-11,2.6452162e-07,0.00063414354,0.003376853
77,3,1.06273575e-11,1.9478063e-07,0.0005658884,0.0031965547
78,3,6.2437247e-12,1.4191725e-07,0.00050291885,0.0030158137
79,3,3.6038097e-12,1.02312406e-07,0.00044509696,0.002834874
80,3,2.0435314e-12,7.298334e-08,0.00039223948,0.0026539492
81,3,1.1384165e-12,5.1513382e-08,0.00034412448,0.0024732228
82,3,6.230481e-13,3.597624e-08,0.00030049824,0.0022928484
83,3,3.3499752e-13,2.4860439e-08,0.00026108153,0.002112948
84,3,1.7695537e-13,1.6997928e-08,0.00022557528,0.0019336157
85,3,9.183021e-14,1.14992895e-08,0.00019366598,0.0017549167
86,3,4.6817463e-14,7.696961e-09,0.00016503005,0.0015768888
87,3,2.344934e-14,5.0968705e-09,0.00013933772,0.0013995445
88,3,1.1538686e-14,3.3382934e-09,0.00011625611,0.001222872
89,3,5.5780203e-15,2.1612905e-09,9.5451695e-05,0.0010468375
90,3,2.6491311e-15,1.3808091e-09,7.659205e-05,0.0008713882
91,3,1.236037e-15,8.6646273e-10,5.9346876e-05,0.0006964535
92,3,5.6657504e-16,5.269575e-10,4.3388645e-05,0.0005219483
93,3,2.5514266e-16,2.9820105e-10,2.8392637e-05,0.000347776
94,3,1.1287818e-16,1.3420773e-10,1.4036573e-05,0.0001738305
95,3,0.0,0.0,0.0,0.0
0,4,0.0,0.0,0.0,0.0
1,4,2.4625442e-16,2.2074946e-10,1.9199284e-05,0.00023194785
2,4,5.566157e-16,4.9042387e-10,3.8835486e-05,0.0004640491
3,4,1.236037e-15,8.664626e-10,5.9346836e-05,0.00069645303
4,4,2.696521e-15,1.4243566e-09,8.1174054e-05,0.000929301
5,4,5.779352e-15,2.2692819e-09,0.00010476121,0.0011627222
6,4,1.2168932e-14,3.5510026e-09,0.00013055622,0.0013968302
7,4,2.5172638e-14,5.4833436e-09,0.00015901068,0.0016317187
8,4,5.1156755e-14,8.369687e-09,0.00019057927,0.0018674589
9,4,1.02136324e-13,1.2636068e-08,0.00022571805,0.0021040954
10,4,2.003359e-13,1.887354e-08,0.00026488214,0.0023416434
11,4,3.8604414e-13,2.7891433e-08,0.00030852246,0.0025800874
12,4,7.3082735e-13,4.078299e-08,0.00035708147,0.0028193763
13,4,1.359233e-12,5.9004392e-08,0.00041098794,0.0030594228
14,4,2.4835585e-12,8.4467544e-08,0.00047065067,0.003300103
15,4,4.458148e-12,1.1964586e-07,0.00053645147,0.0035412519
16,4,7.862022e-12,1.6769084e-07,0.0006087372,0.0037826651
17,4,1.3621249e-11,2.325553e-07,0.0006878112,0.004024099
18,4,2.3184583e-11,3.1911682e-07,0.00077392417,0.004265267
19,4,3.8768707e-11,4.3329223e-07,0.00086726435,0.004505845
20,4,6.3689026e-11,5.8213146e-07,0.000967948,0.0047454666
21,4,1.0278962e-10,7.7387585e-07,0.00107601,0.00498373
22,4,1.629797e-10,1.0179647e-06,0.0011913944,0.005220196
23,4,2.53874e-10,1.324971e-06,0.0013139462,0.005454392
24,4,3.8851114e-10,1.7064486e-06,0.0014434033,0.0056858123
25,4,5.841049e-10,2.1746744e-06,0.001579391,0.005913923
26,4,8.627342e-10,2.7422714e-06,0.001721417,0.0061381655
27,4,1.2518852e-09,3.4217053e-06,0.0018688686,0.0063579585
28,4,1.7846475e-09,4.2246584e-06,0.0020210126,0.0065727024
29,4,2.4994296e-09,5.1612897e-06,0.002176996,0.0067817857
30,4,3.438988e-09,6.2394065e-06,0.0023358527,0.0069845845
31,4,4.648577e-09,7.463583e-06,0.002496507,0.0071804714
32,4,6.173206e-09,8.834283e-06,0.0026577862,0.00736882
33,4,8.05382e-09,1.0347029e-05,0.002818431,0.0075490065
34,4,1.0322707e-08,1.1991709e-05,0.0029771118,0.007720416
35,4,1.2998275e-08,1.375207e-05,0.0031324443,0.00788245
36,4,1.6079715e-08,1.5605481e-05,0.0032830096,0.008034528
37,4,1.9542146e-08,1.7523014e-05,0.003427375,0.008176094
38,4,2.3332744e-08,1.9469888e-05,0.0035641168,0.008306616
39,4,2.7369111e-08,2.1406297e-05,0.0036918414,0.008425602
40,4,3.153959e-08,2.32886e-05,0.0038092104,0.008532591
41,4,3.570688e-08,2.5070862e-05,0.0039149644,0.008627164
42,4,3.9714415e-08,2.6706659e-05,0.0040079444,0.008708946
43,4,4.3395527e-08,2.8151037e-05,0.004087112,0.008777613
44,4,4.6584585e-08,2.9362567e-05,0.0041515697,0.008832885
45,4,4.912942e-08,3.0305302e-05,0.0042005796,0.008874537
46,4,5.0902585e-08,3.0950545e-05,0.0042335736,0.008902401
47,4,5.1813075e-08,3.1278298e-05,0.0042501674,0.008916361
48,4,5.1813075e-08,3.1278298e-05,0.0042501674,0.008916361
49,4,5.0902585e-08,3.0950545e-05,0.0042335736,0.008902401
50,4,4.912942e-08,3.0305302e-05,0.0042005796,0.008874537
51,4,4.6584585e-08,2.9362567e-05,0.00415157,0.008832884
52,4,4.3395527e-08,2.8151037e-05,0.004087112,0.008777613
53,4,3.9714415e-08,2.6706659e-05,0.0040079444,0.008708946
54,4,3.570688e-08,2.5070862e-05,0.003914965,0.008627163
55,4,3.153959e-08,2.3288598e-05,0.0038092108,0.00853259
56,4,2.7369163e-08,2.1406295e-05,0.0036918416,0.008425602
57,4,2.3332744e-08,1.9469888e-05,0.003564117,0.008306616
58,4,1.9542146e-08,1.7523013e-05,0.0034273756,0.008176093
59,4,1.6079715e-08,1.5605481e-05,0.0032830099,0.008034528
60,4,1.2998275e-08,1.375207e-05,0.0031324443,0.00788245
61,4,1.0322707e-08,1.199171e-05,0.0029771118,0.0077204155
62,4,8.05382e-09,1.0347031e-05,0.002818431,0.0075490056
63,4,6.173206e-09,8.834285e-06,0.0026577862,0.0073688193
64,4,4.648577e-09,7.463584e-06,0.0024965073,0.0071804714
65,4,3.438988e-09,6.2394065e-06,0.002335853,0.006984584
66,4,2.4994296e-09,5.16129e-06,0.0021769963,0.0067817853
67,4,1.784651e-09,4.224659e-06,0.0020210126,0.006572702
68,4,1.2518828e-09,3.4217057e-06,0.0018688688,0.006357958
69,4,8.627342e-10,2.7422716e-06,0.0017214173,0.0061381655
70,4,5.841049e-10,2.174675e-06,0.0015793914,0.005913923
71,4,3.885119e-10,1.7064489e-06,0.0014434037,0.0056858123
72,4,2.53874e-10,1.3249712e-06,0.0013139466,0.0054543926
73,4,1.629797e-10,1.0179649e-06,0.001191395,0.0052201967
74,4,1.0278962e-10,7.73876e-07,0.0010760104,0.0049837306
75,4,6.368891e-11,5.821316e-07,0.00096794835,0.004745467
76,4,3.8768707e-11,4.332923e-07,0.0008672646,0.0045058453
77,4,2.3184583e-11,3.1911688e-07,0.0007739244,0.0042652674
78,4,1.3621249e-11,2.3255534e-07,0.0006878114,0.0040240996
79,4,7.862022e-12,1.6769089e-07,0.0006087374,0.003782666
80,4,4.458148e-12,1.1964589e-07,0.00053645164,0.0035412526
81,4,2.4835585e-12,8.4467565e-08,0.00047065085,0.0033001036
82,4,1.359233e-12,5.9004403e-08,0.00041098814,0.0030594238
83,4,7.3082735e-13,4.0783e-08,0.00035708168,0.002819377
84,4,3.8604414e-13,2.7891438e-08,0.0003085226,0.0025800883
85,4,2.003359e-13,1.8873543e-08,0.00026488226,0.0023416444
86,4,1.02136324e-13,1.2636069e-08,0.00022571816,0.002104096
87,4,5.1156755e-14,8.369688e-09,0.00019057939,0.0018674596
88,4,2.5172638e-14,5.4833444e-09,0.00015901079,0.0016317195
89,4,1.2168978e-14,3.5510033e-09,0.00013055629,0.001396831
90,4,5.779308e-15,2.2692823e-09,0.00010476128,0.0011627229
91,4,2.696521e-15,1.424357e-09,8.1174105e-05,0.00092930155
92,4,1.236037e-15,8.6646273e-10,5.9346876e-05,0.00069645344
93,4,5.566178e-16,4.904239e-10,3.8835507e-05,0.00046404937
94,4,2.4625442e-16,2.207495e-10,1.9199295e-05,0.000231948
95,4,0.0,0.0,0.0,0.0
0,5,0.0,0.0,0.0,0.0
1,5,5.277878e-16,3.519194e-10,2.4778436e-05,0.0002902084
2,5,1.1929734e-15,7.8171886e-10,5.012062e-05,0.00058060867
3,5,2.6491413e-15,1.3808089e-09,7.6592e-05,0.0008713878
4,5,5.779352e-15,2.269282e-09,0.00010476121,0.0011627222
5,5,1.2386619e-14,3.6143895e-09,0.00013520122,0.001454774
6,5,2.6081212e-14,5.6541962e-09,0.00016848995,0.0017476848
7,5,5.3951564e-14,8.728485e-09,0.00020521009,0.0020415725
8,5,1.09642343e-13,1.3319189e-08,0.0002459482,0.0023365256
9,5,2.1890493e-13,2.010288e-08,0.00029129267,0.0026325998
10,5,4.2937236e-13,3.00179e-08,0.00034183072,0.0029298149
11,5,8.273938e-13,4.4348756e-08,0.00039814407,0.0032281505
12,5,1.5663516e-12,6.483006e-08,0.00046080354,0.0035275433
13,5,2.9131875e-12,9.3771675e-08,0.00053036213,0.0038278846
14,5,5.322917e-12,1.3420548e-07,0.0006073473,0.0041290172
15,5,9.55498e-12,1.9005277e-07,0.00069225143,0.004430737
16,5,1.6850374e-11,2.663086e-07,0.0007855221,0.004732788
17,5,2.919391e-11,3.6923646e-07,0.0008875506,0.005034864
18,5,4.9690547e-11,5.065633e-07,0.0009986599,0.005336608
19,5,8.3091506e-11,6.876599e-07,0.0011190929,0.005637612
20,5,1.3650203e-10,9.23689e-07,0.0012489997,0.005937421
21,5,2.2030511e-10,1.2276969e-06,0.0013884249,0.0062355306
22,5,3.4930692e-10,1.6146216e-06,0.0015372961,0.006531391
23,5,5.441176e-10,2.1011922e-06,0.0016954133,0.006824411
24,5,8.3268126e-10,2.7056847e-06,0.0018624383,0.0071139573
25,5,1.2518852e-09,3.4475127e-06,0.0020378877,0.0073993634
26,5,1.8490621e-09,4.3466316e-06,0.0022211259,0.007679929
27,5,2.6831133e-09,5.422743e-06,0.0024113625,0.007954927
28,5,3.824968e-09,6.6942994e-06,0.0026076515,0.008223611
29,5,5.356933e-09,8.17734e-06,0.0028088933,0.008485209
30,5,7.370639e-09,9.8841765e-06,0.00301384,0.008738945
31,5,9.96312e-09,1.1822005e-05,0.0032211046,0.008984034
32,5,1.3230799e-08,1.3991516e-05,0.003429174,0.009219689
33,5,1.7261415e-08,1.6385588e-05,0.0036364242,0.009445134
34,5,2.2124226e-08,1.8988181e-05,0.0038411391,0.009659597
35,5,2.785866e-08,2.1773561e-05,0.0040415335,0.00986233
36,5,3.4463046e-08,2.4705909e-05,0.004235777,0.010052605
37,5,4.1883865e-08,2.7739456e-05,0.0044220216,0.010229727
38,5,5.0008097e-08,3.0819185e-05,0.0045984294,0.010393033
39,5,5.8659072e-08,3.388215e-05,0.0047632037,0.010541905
40,5,6.759748e-08,3.6859346e-05,0.0049146195,0.010675766
41,5,7.6529055e-08,3.9678158e-05,0.00505105,0.010794093
42,5,8.5118245e-08,4.2265197e-05,0.005171,0.010896417
43,5,9.300782e-08,4.4549422e-05,0.005273131,0.01098233
44,5,9.9842985e-08,4.646534e-05,0.0053562867,0.011051484
45,5,1.05297026e-07,4.795615e-05,0.005419512,0.0111036
46,5,1.09097385e-07,4.897649e-05,0.005462076,0.011138462
47,5,1.110488e-07,4.949477e-05,0.0054834834,0.0111559285
48,5,1.110488e-07,4.949477e-05,0.0054834834,0.0111559285
49,5,1.09097385e-07,4.8976493e-05,0.005462076,0.011138462
50,5,1.05297026e-07,4.7956146e-05,0.005419512,0.0111036
51,5,9.9842985e-08,4.646534e-05,0.005356286,0.011051484
52,5,9.300782e-08,4.454942e-05,0.005273131,0.01098233
53,5,8.5118245e-08,4.2265197e-05,0.0051710005,0.010896416
54,5,7.6529055e-08,3.9678158e-05,0.00505105,0.010794092
55,5,6.759748e-08,3.6859343e-05,0.0049146195,0.010675766
56,5,5.8659072e-08,3.388215e-05,0.004763204,0.010541905
57,5,5.0008097e-08,3.0819185e-05,0.00459843,0.010393034
58,5,4.1883865e-08,2.7739454e-05,0.0044220216,0.010229727
59,5,3.4463046e-08,2.470591e-05,0.004235777,0.0100526055
60,5,2.785866e-08,2.1773563e-05,0.0040415335,0.00986233
61,5,2.2124226e-08,1.8988183e-05,0.003841139,0.009659597
62,5,1.7261415e-08,1.638559e-05,0.0036364244,0.009445133
63,5,1.3230799e-08,1.3991518e-05,0.003429174,0.009219689
64,5,9.96312e-09,1.1822006e-05,0.0032211049,0.008984034
65,5,7.370639e-09,9.8841765e-06,0.0030138402,0.008738945
66,5,5.356933e-09,8.1773405e-06,0.0028088938,0.008485208
67,5,3.824968e-09,6.6943003e-06,0.0026076522,0.008223611
68,5,2.6831133e-09,5.4227435e-06,0.002411363,0.007954927
69,5,1.8490621e-09,4.346633e-06,0.002221126,0.007679929
70,5,1.2518852e-09,3.4475133e-06,0.0020378882,0.0073993634
71,5,8.3268126e-10,2.705685e-06,0.0018624387,0.0071139573
72,5,5.441176e-10,2.1011924e-06,0.0016954138,0.006824411
73,5,3.4930692e-10,1.614622e-06,0.0015372966,0.0065313913
74,5,2.2030511e-10,1.2276969e-06,0.0013884254,0.006235531
75,5,1.3650203e-10,9.236892e-07,0.0012490001,0.005937422
76,5,8.3091506e-11,6.8765996e-07,0.0011190933,0.005637613
77,5,4.9690547e-11,5.0656337e-07,0.0009986602,0.0053366083
78,5,2.919391e-11,3.6923655e-07,0.0008875508,0.005034865
79,5,1.6850374e-11,2.6630866e-07,0.00078552245,0.004732789
80,5,9.55498e-12,1.9005283e-07,0.0006922517,0.0044307383
81,5,5.322917e-12,1.3420551e-07,0.0006073475,0.004129018
82,5,2.913193e-12,9.377169e-08,0.00053036236,0.0038278855
83,5,1.5663516e-12,6.4830076e-08,0.00046080377,0.0035275444
84,5,8.273938e-13,4.4348766e-08,0.00039814427,0.0032281517
85,5,4.2937236e-13,3.0017905e-08,0.0003418309,0.002929816
86,5,2.1890493e-13,2.0102883e-08,0.00029129282,0.002632601
87,5,1.09642343e-13,1.3319191e-08,0.00024594832,0.0023365265
88,5,5.3951564e-14,8.728485e-09,0.0002052102,0.0020415734
89,5,2.6081212e-14,5.6541976e-09,0.00016849005,0.001747686
90,5,1.2386572e-14,3.6143901e-09,0.0001352013,0.0014547749
91,5,5.779352e-15,2.2692823e-09,0.00010476128,0.0011627229
92,5,2.6491413e-15,1.380809e-09,7.659205e-05,0.00087138824
93,5,1.1929734e-15,7.81719e-10,5.0120652e-05,0.000580609
94,5,5.277858e-16,3.519195e-10,2.477845e-05,0.00029020858
95,5,0.0,0.0,0.0,0.0
0,6,0.0,0.0,0.0,0.0
1,6,1.1113034e-15,5.510446e-10,3.0880008e-05,0.00034864034
2,6,2.5119196e-15,1.2238492e-09,6.246239e-05,0.00069751125
3,6,5.5780203e-15,2.1612903e-09,9.5451636e-05,0.0010468371
4,6,1.2168932e-14,3.5510028e-09,0.00013055622,0.0013968303
5,6,2.6081212e-14,5.6541967e-09,0.00016848995,0.0017476849
6,6,5.4916277e-14,8.8425365e-09,0.00020997284,0.0020995717
7,6,1.1359975e-13,1.3646299e-08,0.00025573082,0.0024526317
8,6,2.3086201e-13,2.0817362e-08,0.00030649465,0.0028069718
9,6,4.609244e-13,3.1410917e-08,0.00036299726,0.0031626585
10,6,9.040811e-13,4.6889973e-08,0.0004259702,0.003519716
11,6,1.7421502e-12,6.925667e-08,0.0004961382,0.0038781194
12,6,3.2981033e-12,1.01213935e-07,0.0005742121,0.0042377925
13,6,6.133995e-12,1.4636e-07,0.0006608809,0.004598605
14,6,1.1207868e-11,2.0941657e-07,0.00075680146,0.0049603684
15,6,2.0118848e-11,2.9648882e-07,0.0008625871,0.005322837
16,6,3.5480008e-11,4.153516e-07,0.0009787953,0.005685703
17,6,6.1470336e-11,5.7575147e-07,0.0011059131,0.006048599
18,6,1.04628e-10,7.897091e-07,0.001244343,0.006411096
19,6,1.7495644e-10,1.071799e-06,0.0013943873,0.0067727044
20,6,2.874181e-10,1.4393783e-06,0.0015562325,0.0071328767
21,6,4.638717e-10,1.912727e-06,0.0017299342,0.007491007
22,6,7.354991e-10,2.5150612e-06,0.0019154022,0.0078464355
23,6,1.1456915e-09,3.2723726e-06,0.0021123867,0.008198452
24,6,1.7532867e-09,4.213049e-06,0.0023204668,0.008546296
25,6,2.6359641e-09,5.367238e-06,0.0025390394,0.008889165
26,6,3.8933696e-09,6.765918e-06,0.0027673135,0.009226218
27,6,5.6495515e-09,8.43966e-06,0.0030043037,0.009556584
28,6,8.053805e-09,1.04170895e-05,0.0032488315,0.009879363
29,6,1.1279513e-08,1.2723068e-05,0.0034995272,0.01019363
30,6,1.5519555e-08,1.5376661e-05,0.0037548358,0.010498453
31,6,2.0978263e-08,1.8388988e-05,0.004013031,0.010792887
32,6,2.785866e-08,2.1761041e-05,0.0042722262,0.011075989
33,6,3.6345494e-08,2.5481699e-05,0.0045303996,0.011346823
34,6,4.6584585e-08,2.9525992e-05,0.004785413,0.011604465
35,6,5.8659072e-08,3.385389e-05,0.0050350428,0.011848015
36,6,7.25651e-08,3.8409715e-05,0.005277009,0.012076599
37,6,8.819048e-08,4.312237e-05,0.0055090105,0.012289382
38,6,1.0529683e-07,4.7906393e-05,0.005728757,0.0124855675
39,6,1.2351217e-07,5.266404e-05,0.005934012,0.012664412
40,6,1.4233296e-07,5.7288173e-05,0.0061226245,0.012825224
41,6,1.611391e-07,6.166607e-05,0.0062925713,0.012967374
42,6,1.7922427e-07,6.56838e-05,0.0064419885,0.0130903
43,6,1.9583668e-07,6.92311e-05,0.0065692086,0.0131935105
44,6,2.1022855e-07,7.220634e-05,0.0066727907,0.013276587
45,6,2.2171254e-07,7.452137e-05,0.006751547,0.0133391945
46,6,2.2971476e-07,7.6105796e-05,0.0068045673,0.013381076
47,6,2.3382364e-07,7.691058e-05,0.006831233,0.01340206
48,6,2.3382364e-07,7.691058e-05,0.006831233,0.013402061
49,6,2.2971476e-07,7.610579e-05,0.0068045673,0.013381076
50,6,2.2171254e-07,7.452136e-05,0.006751547,0.0133391945
51,6,2.1022855e-07,7.220634e-05,0.0066727903,0.013276587
52,6,1.9583668e-07,6.923109e-05,0.0065692086,0.01319351
53,6,1.7922427e-07,6.5683795e-05,0.006441988,0.0130903
54,6,1.611391e-07,6.166606e-05,0.0062925713,0.012967374
55,6,1.4233296e-07,5.7288173e-05,0.006122625,0.012825224
56,6,1.2351228e-07,5.2664036e-05,0.0059340126,0.012664412
57,6,1.0529683e-07,4.7906397e-05,0.0057287575,0.012485568
58,6,8.819048e-08,4.3122367e-05,0.0055090105,0.012289382
59,6,7.25651e-08,3.840972e-05,0.005277009,0.012076599
60,6,5.8659072e-08,3.3853892e-05,0.0050350428,0.011848015
61,6,4.6584585e-08,2.9525994e-05,0.004785413,0.011604465
62,6,3.6345494e-08,2.5481702e-05,0.0045303996,0.011346823
63,6,2.785866e-08,2.1761045e-05,0.0042722267,0.011075988
64,6,2.0978263e-08,1.838899e-05,0.004013031,0.010792887
65,6,1.5519555e-08,1.5376665e-05,0.0037548365,0.010498452
66,6,1.1279513e-08,1.272307e-05,0.003499528,0.01019363
67,6,8.05382e-09,1.041709e-05,0.0032488322,0.009879362
68,6,5.649541e-09,8.4396615e-06,0.0030043044,0.009556584
69,6,3.8933696e-09,6.765919e-06,0.002767314,0.009226218
70,6,2.6359641e-09,5.3672393e-06,0.0025390398,0.008889164
71,6,1.7532901e-09,4.21305e-06,0.0023204673,0.008546295
72,6,1.1456915e-09,3.2723735e-06,0.0021123874,0.008198452
73,6,7.354991e-10,2.5150619e-06,0.0019154027,0.007846436
74,6,4.638717e-10,1.9127274e-06,0.0017299347,0.0074910084
75,6,2.8741753e-10,1.4393786e-06,0.001556233,0.007132878
76,6,1.7495644e-10,1.0717993e-06,0.0013943878,0.0067727054
77,6,1.04628e-10,7.8970925e-07,0.0012443435,0.0064110965
78,6,6.1470336e-11,5.757516e-07,0.0011059135,0.0060486
79,6,3.5480008e-11,4.153517e-07,0.0009787957,0.005685704
80,6,2.0118848e-11,2.964889e-07,0.0008625875,0.0053228377
81,6,1.1207868e-11,2.0941663e-07,0.0007568018,0.00496037
82,6,6.133995e-12,1.4636001e-07,0.00066088117,0.004598606
83,6,3.2981033e-12,1.01213956e-07,0.00057421235,0.004237794
84,6,1.7421502e-12,6.9256686e-08,0.0004961384,0.0038781208
85,6,9.040811e-13,4.688998e-08,0.00042597044,0.0035197171
86,6,4.609244e-13,3.141092e-08,0.00036299747,0.00316266
87,6,2.3086201e-13,2.0817364e-08,0.00030649477,0.0028069727
88,6,1.1359975e-13,1.3646302e-08,0.00025573096,0.0024526329
89,6,5.4916487e-14,8.842537e-09,0.00020997296,0.0020995727
90,6,2.6081112e-14,5.6541976e-09,0.00016849006,0.001747686
91,6,1.2168932e-14,3.5510033e-09,0.00013055629,0.001396831
92,6,5.5780203e-15,2.1612905e-09,9.54517e-05,0.0010468377
93,6,2.5119196e-15,1.2238494e-09,6.246243e-05,0.00069751166
94,6,1.1113034e-15,5.5104477e-10,3.0880026e-05,0.00034864052
95,6,0.0,0.0,0.0,0.0
0,7,0.0,0.0,0.0,0.0
1,7,2.2988497e-15,8.514557e-10,3.7610873e-05,0.0004072671
2,7,5.1961537e-15,1.8907624e-09,7.607697e-05,0.0008148035
3,7,1.1538686e-14,3.3382934e-09,0.000116256044,0.0012228714
4,7,2.5172638e-14,5.4833436e-09,0.0001590107,0.0016317187
5,7,5.3951564e-14,8.728485e-09,0.00020521009,0.0020415725
6,7,1.1359975e-13,1.36463e-08,0.00025573082,0.0024526317
7,7,2.349923e-13,2.1053438e-08,0.00031145674,0.0028650612
8,7,4.7756086e-13,3.210744e-08,0.0003732775,0.003278986
9,7,9.534677e-13,4.8432288e-08,0.00044208547,0.0036944842
10,7,1.870181e-12,7.227894e-08,0.0005187712,0.0041115833
11,7,3.6038097e-12,1.06726894e-07,0.00060421677,0.0045302543
12,7,6.8224528e-12,1.5593234e-07,0.00069928786,0.004950409
13,7,1.26887745e-11,2.2542658e-07,0.00080482283,0.0053718933
14,7,2.3184583e-11,3.2246592e-07,0.0009216214,0.0057944893
15,7,4.1617827e-11,4.5643029e-07,0.0010504301,0.0062179076
16,7,7.33939e-11,6.3926143e-07,0.0011919272,0.0066417917
17,7,1.2715747e-10,8.8592594e-07,0.0013467057,0.0070657097
18,7,2.1643336e-10,1.2148774e-06,0.0015152551,0.0074891616
19,7,3.619147e-10,1.6484846e-06,0.0016979433,0.007911576
20,7,5.945527e-10,2.2133795e-06,0.0018949972,0.008332312
21,7,9.595644e-10,2.9406717e-06,0.002106484,0.008750663
22,7,1.5214526e-09,3.865966e-06,0.002332294,0.009165857
23,7,2.3699762e-09,5.0291123e-06,0.002572122,0.009577066
24,7,3.6268468e-09,6.473623e-06,0.0028254562,0.009983398
25,7,5.452752e-09,8.245696e-06,0.0030915618,0.010383921
26,7,8.05382e-09,1.0392787e-05,0.0033694757,0.010777651
27,7,1.1686655e-08,1.2961708e-05,0.003657998,0.011163568
28,7,1.6660092e-08,1.599628e-05,0.0039556944,0.011540621
29,7,2.3332788e-08,1.953453e-05,0.0042608967,0.011907732
30,7,3.2103735e-08,2.3605593e-05,0.0045717126,0.01226381
31,7,4.339561e-08,2.8226408e-05,0.004886039,0.012607753
32,7,5.762839e-08,3.3398406e-05,0.0052015814,0.0129384585
33,7,7.5184246e-08,3.910442e-05,0.005515876,0.013254832
34,7,9.6364815e-08,4.5306097e-05,0.0058263233,0.013555797
35,7,1.2134197e-07,5.1941995e-05,0.0061302143,0.013840298
36,7,1.5010808e-07,5.892673e-05,0.006424775,0.014107319
37,7,1.8243055e-07,6.6151275e-05,0.0067072017,0.01435588
38,7,2.1781669e-07,7.348466e-05,0.0069747097,0.0145850545
39,7,2.5549713e-07,8.07771e-05,0.0072245747,0.014793971
40,7,2.944298e-07,8.786444e-05,0.0074541797,0.014981822
41,7,3.3333214e-07,9.4574e-05,0.007661061,0.015147874
42,7,3.7074312e-07,0.000100731275,0.0078429505,0.01529147
43,7,4.051075e-07,0.00010616739,0.007997818,0.0154120345
44,7,4.3487853e-07,0.000110726694,0.008123912,0.015509081
45,7,4.586343e-07,0.00011427417,0.008219784,0.015582216
46,7,4.7518768e-07,0.00011670205,0.008284326,0.01563114
47,7,4.836873e-07,0.00011793526,0.008316787,0.01565565
48,7,4.836873e-07,0.00011793526,0.008316787,0.015655652
49,7,4.7518768e-07,0.00011670204,0.008284326,0.01563114
50,7,4.586343e-07,0.00011427415,0.008219783,0.015582216
51,7,4.3487853e-07,0.00011072668,0.008123912,0.015509081
52,7,4.051075e-07,0.000106167376,0.007997818,0.0154120345
53,7,3.7074312e-07,0.00010073127,0.0078429505,0.01529147
54,7,3.3333214e-07,9.4573996e-05,0.007661061,0.015147874
55,7,2.944298e-07,8.786444e-05,0.00745418,0.014981822
56,7,2.5549738e-07,8.07771e-05,0.007224575,0.014793971
57,7,2.1781669e-07,7.348466e-05,0.00697471,0.0145850545
58,7,1.8243055e-07,6.6151275e-05,0.0067072017,0.01435588
59,7,1.5010808e-07,5.8926733e-05,0.0064247744,0.014107319
60,7,1.2134197e-07,5.1942e-05,0.0061302143,0.013840298
61,7,9.6364815e-08,4.5306104e-05,0.0058263233,0.013555796
62,7,7.5184246e-08,3.9104423e-05,0.0055158767,0.013254832
63,7,5.762839e-08,3.339841e-05,0.005201582,0.0129384585
64,7,4.339561e-08,2.8226412e-05,0.0048860395,0.012607752
65,7,3.2103735e-08,2.3605597e-05,0.004571713,0.012263809
66,7,2.3332788e-08,1.9534533e-05,0.004260897,0.011907732
67,7,1.6660124e-08,1.5996282e-05,0.0039556953,0.01154062
68,7,1.1686633e-08,1.2961711e-05,0.003657999,0.011163568
69,7,8.05382e-09,1.0392789e-05,0.003369476,0.010777651
70,7,5.452752e-09,8.245698e-06,0.0030915625,0.010383921
71,7,3.6268468e-09,6.4736246e-06,0.002825457,0.009983398
72,7,2.3699762e-09,5.029113e-06,0.0025721227,0.009577066
73,7,1.5214526e-09,3.865967e-06,0.0023322944,0.009165858
74,7,9.595644e-10,2.9406724e-06,0.0021064845,0.008750664
75,7,5.945516e-10,2.21338e-06,0.0018949978,0.008332314
76,7,3.619147e-10,1.648485e-06,0.0016979439,0.007911577
77,7,2.1643336e-10,1.2148777e-06,0.0015152557,0.007489163
78,7,1.2715747e-10,8.859261e-07,0.0013467062,0.0070657106
79,7,7.33939e-11,6.392616e-07,0.0011919277,0.0066417926
80,7,4.1617827e-11,4.564304e-07,0.0010504306,0.0062179095
81,7,2.3184583e-11,3.22466e-07,0.0009216218,0.0057944907
82,7,1.26887745e-11,2.2542662e-07,0.0008048232,0.0053718947
83,7,6.8224528e-12,1.5593237e-07,0.00069928815,0.0049504098
84,7,3.6038097e-12,1.06726915e-07,0.00060421706,0.0045302557
85,7,1.870181e-12,7.227895e-08,0.0005187714,0.0041115847
86,7,9.534677e-13,4.8432298e-08,0.0004420857,0.0036944856
87,7,4.7756086e-13,3.2107444e-08,0.0003732777,0.0032789875
88,7,2.349923e-13,2.105344e-08,0.0003114569,0.0028650628
89,7,1.13600176e-13,1.3646302e-08,0.000255731,0.002452633
90,7,5.395136e-14,8.7284855e-09,0.00020521022,0.0020415736
91,7,2.5172638e-14,5.483345e-09,0.00015901079,0.0016317198
92,7,1.1538686e-14,3.3382936e-09,0.00011625611,0.0012228722
93,7,5.1961537e-15,1.8907629e-09,7.607701e-05,0.00081480405
94,7,2.298841e-15,8.5145585e-10,3.76109e-05,0.00040726736
95,7,0.0,0.0,0.0,0.0
0,8,0.0,0.0,0.0,0.0
1,8,4.671807e-15,1.3004771e-09,4.5078625e-05,0.00046610646
2,8,1.0559814e-14,2.8874358e-09,9.118192e-05,0.0009325211
3,8,2.344934e-14,5.09687e-09,0.00013933763,0.001399544
4,8,5.1156755e-14,8.369687e-09,0.00019057929,0.0018674589
5,8,1.09642343e-13,1.331919e-08,0.0002459482,0.0023365256
6,8,2.3086201e-13,2.0817364e-08,0.00030649465,0.0028069718
7,8,4.7756086e-13,3.210744e-08,0.0003732775,0.003278986
8,8,9.705204e-13,4.8951037e-08,0.00044736257,0.003752711
9,8,1.9376792e-12,7.381887e-08,0.000529819,0.0042282376
10,8,3.800665e-12,1.1013443e-07,0.0006217135,0.004705595
11,8,7.323794e-12,1.6258006e-07,0.0007241029,0.005184752
12,8,1.3864864e-11,2.3747332e-07,0.0008380239,0.0056656064
13,8,2.578664e-11,3.432196e-07,0.00096448103,0.0061479835
14,8,4.7116738e-11,4.908427e-07,0.0011044319,0.006631631
15,8,8.457727e-11,6.945886e-07,0.0012587706,0.007116222
16,8,1.4915434e-10,9.725895e-07,0.0014283095,0.0076013426
17,8,2.5841504e-10,1.3475644e-06,0.0016137586,0.0080865035
18,8,4.3984463e-10,1.8475187e-06,0.0018157043,0.008571131
19,8,7.354977e-10,2.50639e-06,0.0020345866,0.00905457
20,8,1.208274e-09,3.3645754e-06,0.0022706771,0.009536089
21,8,1.9500621e-09,4.4692506e-06,0.0025240562,0.010014877
22,8,3.0919576e-09,5.8743954e-06,0.0027945917,0.010490053
23,8,4.8163527e-09,7.6404085e-06,0.0030819187,0.010960666
24,8,7.370625e-09,9.8332275e-06,0.003385422,0.0114257
25,8,1.1081304e-08,1.2522832e-05,0.0037042226,0.011884084
26,8,1.636733e-08,1.5781088e-05,0.004037165,0.012334695
27,8,2.3750095e-08,1.9678868e-05,0.004382814,0.012776363
28,8,3.3857376e-08,2.4282474e-05,0.004739449,0.013207885
29,8,4.7417927e-08,2.964942e-05,0.005105072,0.013628032
30,8,6.524251e-08,3.5823716e-05,0.005477417,0.01403555
31,8,8.819031e-08,4.2830885e-05,0.005853963,0.014429179
32,8,1.1711475e-07,5.067293e-05,0.006231963,0.014807659
33,8,1.5279261e-07,5.9323702e-05,0.0066084666,0.015169736
34,8,1.9583668e-07,6.872492e-05,0.006980357,0.015514177
35,8,2.465963e-07,7.87834e-05,0.0073443917,0.01583978
36,8,3.0505572e-07,8.936965e-05,0.007697246,0.016145373
37,8,3.7074275e-07,0.000100318444,0.008035564,0.016429843
38,8,4.426563e-07,0.000111431335,0.00835601,0.016692124
39,8,5.192316e-07,0.00012248139,0.008655319,0.01693122
40,8,5.9835105e-07,0.00013322,0.008930358,0.01714621
41,8,6.774111e-07,0.00014338565,0.009178175,0.01733625
42,8,7.534399e-07,0.00015271407,0.009396056,0.017500589
43,8,8.2327665e-07,0.0001609496,0.009581567,0.01763857
44,8,8.837778e-07,0.00016785655,0.009732609,0.017749636
45,8,9.3205523e-07,0.00017323054,0.009847451,0.017833335
46,8,9.656957e-07,0.0001769084,0.009924764,0.017889326
47,8,9.829689e-07,0.00017877652,0.009963647,0.01791738
48,8,9.829689e-07,0.00017877652,0.009963647,0.01791738
49,8,9.656957e-07,0.0001769084,0.009924764,0.017889326
50,8,9.3205523e-07,0.00017323051,0.009847451,0.017833335
51,8,8.837778e-07,0.00016785653,0.00973261,0.017749636
52,8,8.2327665e-07,0.00016094958,0.009581567,0.01763857
53,8,7.534399e-07,0.00015271407,0.009396057,0.017500589
54,8,6.774111e-07,0.00014338564,0.0091781765,0.01733625
55,8,5.9835105e-07,0.00013322,0.008930358,0.01714621
56,8,5.192316e-07,0.0001224814,0.008655319,0.01693122
57,8,4.426563e-07,0.00011143134,0.00835601,0.016692124
58,8,3.7074275e-07,0.00010031845,0.008035564,0.016429843
59,8,3.0505572e-07,8.9369656e-05,0.007697246,0.016145373
60,8,2.465963e-07,7.878341e-05,0.0073443917,0.01583978
61,8,1.9583668e-07,6.8724934e-05,0.006980357,0.015514178
62,8,1.5279261e-07,5.932371e-05,0.0066084666,0.015169735
63,8,1.1711475e-07,5.0672938e-05,0.0062319636,0.014807657
64,8,8.819031e-08,4.2830892e-05,0.0058539636,0.014429178
65,8,6.524251e-08,3.5823723e-05,0.0054774173,0.014035549
66,8,4.7417927e-08,2.9649424e-05,0.005105073,0.01362803
67,8,3.3857376e-08,2.4282477e-05,0.00473945,0.013207885
68,8,2.3750095e-08,1.9678871e-05,0.0043828143,0.012776362
69,8,1.636733e-08,1.5781092e-05,0.004037166,0.012334693
70,8,1.1081304e-08,1.2522834e-05,0.003704223,0.011884084
71,8,7.370639e-09,9.833229e-06,0.0033854228,0.0114257
72,8,4.8163527e-09,7.64041e-06,0.0030819194,0.010960666
73,8,3.0919576e-09,5.8743963e-06,0.0027945924,0.010490054
74,8,1.9500621e-09,4.4692515e-06,0.002524057,0.010014879
75,8,1.2082718e-09,3.3645758e-06,0.0022706778,0.00953609
76,8,7.354977e-10,2.5063907e-06,0.0020345873,0.009054572
77,8,4.3984463e-10,1.8475189e-06,0.001815705,0.008571132
78,8,2.5841504e-10,1.3475646e-06,0.0016137592,0.008086505
79,8,1.4915405e-10,9.725896e-07,0.00142831,0.007601344
80,8,8.457727e-11,6.945887e-07,0.001258771,0.0071162228
81,8,4.7116738e-11,4.908428e-07,0.0011044322,0.006631633
82,8,2.578669e-11,3.4321965e-07,0.0009644814,0.0061479844
83,8,1.3864864e-11,2.3747337e-07,0.00083802425,0.005665608
84,8,7.323794e-12,1.625801e-07,0.00072410324,0.005184754
85,8,3.800665e-12,1.1013446e-07,0.0006217138,0.004705597
86,8,1.9376755e-12,7.381887e-08,0.0005298193,0.0042282394
87,8,9.705204e-13,4.8951044e-08,0.00044736284,0.0037527133
88,8,4.7756086e-13,3.2107444e-08,0.0003732777,0.0032789877
89,8,2.3086332e-13,2.0817364e-08,0.00030649483,0.0028069732
90,8,1.09642133e-13,1.3319191e-08,0.00024594835,0.0023365268
91,8,5.1156755e-14,8.369689e-09,0.00019057939,0.00186746
92,8,2.344934e-14,5.096871e-09,0.00013933773,0.0013995449
93,8,1.0559854e-14,2.8874363e-09,9.118198e-05,0.0009325217
94,8,4.671807e-15,1.3004773e-09,4.507865e-05,0.00046610675
95,8,0.0,0.0,0.0,0.0
0,9,0.0,0.0,0.0,0.0
1,9,9.327432e-15,1.9646114e-09,5.339118e-05,0.00052516954
2,9,2.1083053e-14,4.361365e-09,0.00010799556,0.0010506862
3,9,4.6817463e-14,7.69696e-09,0.00016502997,0.0015768883
4,9,1.02136324e-13,1.2636068e-08,0.00022571805,0.0021040952
5,9,2.1890493e-13,2.0102881e-08,0.00029129267,0.0026325998
6,9,4.609244e-13,3.1410917e-08,0.00036299726,0.0031626585
7,9,9.534677e-13,4.8432295e-08,0.00044208547,0.0036944842
8,9,1.9376792e-12,7.381887e-08,0.000529819,0.004228237
9,9,3.868647e-12,1.11288784e-07,0.00062746345,0.0047640186
10,9,7.588166e-12,1.6599255e-07,0.00073628174,0.0053018644
11,9,1.4622222e-11,2.449724e-07,0.0008575247,0.005841737
12,9,2.7681706e-11,3.5772737e-07,0.0009924195,0.0063835215
13,9,5.1483966e-11,5.168922e-07,0.0011421551,0.0069270213
14,9,9.4070286e-11,7.390332e-07,0.0013078649,0.0074719535
15,9,1.6886159e-10,1.0455531e-06,0.0014906072,0.008017946
16,9,2.9779207e-10,1.4636859e-06,0.0016913431,0.008564538
17,9,5.15935e-10,2.0275465e-06,0.0019109129,0.009111173
18,9,8.781658e-10,2.7791777e-06,0.00215001,0.009657208
19,9,1.4684479e-09,3.7695145e-06,0.0024091557,0.010201903
20,9,2.4123632e-09,5.059171e-06,0.0026886703,0.010744435
21,9,3.893377e-09,6.7189185e-06,0.002988649,0.011283889
22,9,6.173206e-09,8.829709e-06,0.0033089344,0.011819273
23,9,9.6160235e-09,1.1482107e-05,0.0036490944,0.012349516
24,9,1.4715721e-08,1.4774948e-05,0.0040084007,0.012873473
25,9,2.2124226e-08,1.8813102e-05,0.0043858113,0.013389938
26,9,3.267797e-08,2.3704231e-05,0.0047799596,0.013897642
27,9,4.7417927e-08,2.9554481e-05,0.005189145,0.014395272
28,9,6.759748e-08,3.6463094e-05,0.0056113307,0.01488147
29,9,9.467162e-08,4.4516117e-05,0.0060441527,0.015354851
30,9,1.3025917e-07,5.3779328e-05,0.0064849267,0.015814004
31,9,1.7607518e-07,6.4290754e-05,0.006930671,0.016257508
32,9,2.3382385e-07,7.605318e-05,0.007378132,0.016683942
33,9,3.05056e-07,8.902717e-05,0.007823817,0.017091896
34,9,3.9099504e-07,0.00010312519,0.008264039,0.017479979
35,9,4.923385e-07,0.00011820734,0.008694957,0.017846836
36,9,6.0905484e-07,0.00013407946,0.009112639,0.01819115
37,9,7.402014e-07,0.00015049375,0.009513112,0.01851166
38,9,8.837794e-07,0.00016715282,0.0098924255,0.018807175
39,9,1.0366648e-06,0.00018371655,0.010246718,0.019076563
40,9,1.1946297e-06,0.00019981245,0.010572282,0.019318791
41,9,1.3524759e-06,0.00021504873,0.010865621,0.01953291
42,9,1.5042701e-06,0.00022902951,0.011123523,0.019718071
43,9,1.6437018e-06,0.00024137183,0.01134311,0.019873537
44,9,1.7644944e-06,0.00025172275,0.011521896,0.019998673
45,9,1.8608821e-06,0.0002597761,0.011657832,0.020092977
46,9,1.9280465e-06,0.00026528764,0.011749346,0.020156063
47,9,1.9625331e-06,0.00026808705,0.011795372,0.02018767
48,9,1.9625331e-06,0.00026808705,0.011795372,0.020187672
49,9,1.9280465e-06,0.0002652876,0.011749346,0.020156063
50,9,1.8608821e-06,0.00025977608,0.011657832,0.02009298
51,9,1.7644944e-06,0.00025172273,0.011521896,0.019998673
52,9,1.6437018e-06,0.00024137182,0.011343111,0.019873537
53,9,1.5042701e-06,0.0002290295,0.011123524,0.019718071
54,9,1.3524759e-06,0.0002150487,0.010865622,0.01953291
55,9,1.1946297e-06,0.00019981245,0.010572283,0.019318791
56,9,1.0366648e-06,0.00018371656,0.010246718,0.019076565
57,9,8.837794e-07,0.00016715283,0.0098924255,0.018807175
58,9,7.402014e-07,0.00015049377,0.009513112,0.01851166
59,9,6.0905484e-07,0.00013407947,0.009112639,0.01819115
60,9,4.923385e-07,0.00011820736,0.008694957,0.017846836
61,9,3.9099504e-07,0.00010312521,0.008264039,0.017479979
62,9,3.05056e-07,8.9027184e-05,0.007823817,0.017091895
63,9,2.3382385e-07,7.6053184e-05,0.0073781325,0.01668394
64,9,1.7607518e-07,6.429076e-05,0.0069306716,0.016257506
65,9,1.3025917e-07,5.3779335e-05,0.0064849276,0.015814003
66,9,9.467162e-08,4.4516124e-05,0.0060441536,0.01535485
67,9,6.759748e-08,3.64631e-05,0.0056113317,0.01488147
68,9,4.7417927e-08,2.9554485e-05,0.0051891454,0.014395272
69,9,3.267797e-08,2.3704237e-05,0.00477996,0.013897642
70,9,2.2124226e-08,1.8813105e-05,0.0043858117,0.013389938
71,9,1.47157495e-08,1.4774951e-05,0.004008401,0.012873473
72,9,9.6160235e-09,1.148211e-05,0.003649095,0.012349516
73,9,6.173206e-09,8.82971e-06,0.0033089353,0.011819274
74,9,3.893377e-09,6.718919e-06,0.0029886498,0.01128389
75,9,2.4123585e-09,5.059172e-06,0.0026886712,0.010744436
76,9,1.4684479e-09,3.7695152e-06,0.0024091566,0.010201905
77,9,8.781658e-10,2.7791782e-06,0.002150011,0.00965721
78,9,5.15935e-10,2.0275472e-06,0.0019109135,0.009111175
79,9,2.977915e-10,1.4636861e-06,0.0016913436,0.00856454
80,9,1.6886159e-10,1.0455532e-06,0.0014906077,0.008017948
81,9,9.4070286e-11,7.3903334e-07,0.0013078654,0.0074719554
82,9,5.1484067e-11,5.168924e-07,0.0011421556,0.006927023
83,9,2.7681706e-11,3.5772743e-07,0.0009924199,0.0063835233
84,9,1.4622222e-11,2.4497248e-07,0.0008575251,0.005841739
85,9,7.588166e-12,1.6599257e-07,0.0007362821,0.0053018667
86,9,3.86864e-12,1.112888e-07,0.00062746374,0.0047640214
87,9,1.9376792e-12,7.381887e-08,0.0005298193,0.0042282394
88,9,9.534677e-13,4.8432298e-08,0.0004420857,0.003694486
89,9,4.6092703e-13,3.141092e-08,0.00036299747,0.0031626602
90,9,2.1890451e-13,2.0102885e-08,0.00029129285,0.0026326014
91,9,1.02136324e-13,1.263607e-08,0.00022571818,0.0021040966
92,9,4.6817463e-14,7.696962e-09,0.00016503008,0.0015768892
93,9,2.1083133e-14,4.3613655e-09,0.00010799563,0.0010506869
94,9,9.327432e-15,1.9646118e-09,5.3391213e-05,0.0005251699
95,9,0.0,0.0,0.0,0.0
0,10,0.0,0.0,0.0,0.0
1,10,1.8295276e-14,2.9361809e-09,6.265627e-05,0.0005844603
2,10,4.13534e-14,6.5172774e-09,0.00012673574,0.0011693069
3,10,9.183021e-14,1.1499288e-08,0.0001936659,0.001754916
4,10,2.003359e-13,1.8873541e-08,0.00026488214,0.0023416434
5,10,4.2937236e-13,3.00179e-08,0.00034183072,0.0029298149
6,10,9.040811e-13,4.688998e-08,0.0004259702,0.003519716
7,10,1.870181e-12,7.2278944e-08,0.0005187712,0.0041115833
8,10,3.800665e-12,1.1013444e-07,0.0006217135,0.0047055953
9,10,7.588166e-12,1.6599256e-07,0.00073628174,0.0053018644
10,10,1.4883825e-11,2.475198e-07,0.0008639569,0.0059004305
11,10,2.8680842e-11,3.6519575e-07,0.0010062064,0.0065012523
12,10,5.4296238e-11,5.331517e-07,0.0011644692,0.0071042012
13,10,1.00983145e-10,7.7017916e-07,0.0013401395,0.0077090585
14,10,1.8451436e-10,1.1009101e-06,0.0015345466,0.008315511
15,10,3.3121458e-10,1.5571596e-06,0.0017489314,0.008923142
16,10,5.841049e-10,2.1794015e-06,0.0019844207,0.00953144
17,10,1.0119818e-09,3.0183214e-06,0.0022419998,0.010139787
18,10,1.7224803e-09,4.1363687e-06,0.0025224818,0.010747463
19,10,2.8802958e-09,5.6091844e-06,0.0028264767,0.01135365
20,10,4.731735e-09,7.526761e-06,0.0031543607,0.011957428
21,10,7.636673e-09,9.994143e-06,0.0035062442,0.012557781
22,10,1.2108448e-08,1.3131462e-05,0.0038819422,0.013153604
23,10,1.886137e-08,1.707308e-05,0.0042809476,0.013743705
24,10,2.8864182e-08,2.1965589e-05,0.0047024055,0.014326812
25,10,4.339561e-08,2.7964496e-05,0.005145094,0.0149015775
26,10,6.409628e-08,3.5229394e-05,0.0056074085,0.015466595
27,10,9.300782e-08,4.391758e-05,0.0060873544,0.016020402
28,10,1.3258924e-07,5.417606e-05,0.006582545,0.016561486
29,10,1.8569368e-07,6.613221e-05,0.007090204,0.017088303
30,10,2.5549713e-07,7.988332e-05,0.0076071853,0.017599287
31,10,3.4536302e-07,9.548545e-05,0.008129991,0.018092856
32,10,4.586343e-07,0.00011294243,0.008654804,0.018567428
33,10,5.9835276e-07,0.00013219543,0.00917753,0.019021433
34,10,7.6691805e-07,0.0001531143,0.009693844,0.019453326
35,10,9.656984e-07,0.00017549135,0.010199244,0.019861596
36,10,1.194632e-06,0.00019903833,0.010689115,0.020244775
37,10,1.4518696e-06,0.00022338775,0.0111588,0.02060147
38,10,1.7334911e-06,0.0002480984,0.0116036665,0.020930339
39,10,2.0333684e-06,0.000272666,0.012019186,0.021230139
40,10,2.343209e-06,0.0002965383,0.012401009,0.02149971
41,10,2.6528166e-06,0.00031913441,0.012745039,0.021738
42,10,2.9505538e-06,0.0003398677,0.013047505,0.021944063
43,10,3.2240425e-06,0.0003581704,0.013305035,0.022117076
44,10,3.4609714e-06,0.00037351955,0.013514714,0.022256339
45,10,3.6500312e-06,0.0003854614,0.013674139,0.022361288
46,10,3.7817708e-06,0.00039363393,0.013781466,0.022431495
47,10,3.849415e-06,0.00039778496,0.013835444,0.022466669
48,10,3.849415e-06,0.00039778493,0.013835443,0.022466669
49,10,3.7817708e-06,0.00039363393,0.013781465,0.022431495
50,10,3.6500312e-06,0.00038546138,0.013674139,0.022361288
51,10,3.4609714e-06,0.00037351952,0.013514714,0.022256339
52,10,3.2240425e-06,0.0003581704,0.013305036,0.022117076
53,10,2.9505538e-06,0.00033986766,0.013047505,0.021944063
54,10,2.6528166e-06,0.0003191344,0.012745039,0.021738
55,10,2.343209e-06,0.0002965383,0.012401009,0.02149971
56,10,2.0333684e-06,0.000272666,0.012019187,0.021230139
57,10,1.7334911e-06,0.0002480984,0.011603667,0.020930339
58,10,1.4518696e-06,0.00022338776,0.0111588,0.02060147
59,10,1.194632e-06,0.00019903835,0.010689115,0.020244775
60,10,9.656984e-07,0.00017549137,0.010199244,0.019861596
61,10,7.6691805e-07,0.00015311434,0.009693844,0.019453326
62,10,5.9835276e-07,0.00013219545,0.00917753,0.019021433
63,10,4.586343e-07,0.00011294244,0.008654804,0.01856743
64,10,3.4536302e-07,9.548546e-05,0.008129992,0.018092858
65,10,2.5549713e-07,7.988333e-05,0.0076071857,0.017599287
66,10,1.8569368e-07,6.613222e-05,0.007090205,0.017088303
67,10,1.3258924e-07,5.4176067e-05,0.0065825456,0.016561486
68,10,9.300782e-08,4.3917586e-05,0.006087356,0.016020402
69,10,6.409628e-08,3.52294e-05,0.0056074094,0.015466595
70,10,4.339561e-08,2.79645e-05,0.0051450944,0.014901577
71,10,2.8864182e-08,2.1965594e-05,0.0047024065,0.014326811
72,10,1.886137e-08,1.7073084e-05,0.0042809485,0.013743705
73,10,1.2108448e-08,1.31314655e-05,0.0038819432,0.013153605
74,10,7.636673e-09,9.994144e-06,0.003506245,0.012557782
75,10,4.7317257e-09,7.526762e-06,0.0031543616,0.011957429
76,10,2.8802958e-09,5.6091853e-06,0.0028264776,0.011353652
77,10,1.7224803e-09,4.136369e-06,0.0025224828,0.010747465
78,10,1.0119818e-09,3.0183219e-06,0.0022420008,0.0101397885
79,10,5.8410266e-10,2.179402e-06,0.0019844214,0.009531442
80,10,3.3121458e-10,1.55716e-06,0.001748932,0.008923145
81,10,1.8451436e-10,1.1009104e-06,0.0015345471,0.008315513
82,10,1.0098353e-10,7.701793e-07,0.00134014,0.007709061
83,10,5.4296238e-11,5.331518e-07,0.0011644696,0.0071042036
84,10,2.8680842e-11,3.651958e-07,0.0010062068,0.006501254
85,10,1.4883825e-11,2.4751986e-07,0.00086395734,0.005900433
86,10,7.588138e-12,1.6599259e-07,0.0007362821,0.005301867
87,10,3.800665e-12,1.1013446e-07,0.0006217139,0.0047055976
88,10,1.870181e-12,7.227895e-08,0.00051877147,0.004111585
89,10,9.040846e-13,4.688998e-08,0.0004259705,0.003519718
90,10,4.2937073e-13,3.0017905e-08,0.00034183095,0.0029298167
91,10,2.003359e-13,1.8873543e-08,0.00026488228,0.002341645
92,10,9.183021e-14,1.14992895e-08,0.00019366601,0.0017549171
93,10,4.1353636e-14,6.517279e-09,0.00012673585,0.0011693076
94,10,1.8295276e-14,2.9361815e-09,6.2656305e-05,0.0005844606
95,10,0.0,0.0,0.0,0.0
0,11,0.0,0.0,0.0,0.0
1,11,3.525471e-14,4.3416843e-09,7.2980605e-05,0.0006439745
2,11,7.9687355e-14,9.635647e-09,0.00014761832,0.0012883748
3,11,1.7695537e-13,1.6997925e-08,0.00022557518,0.0019336151
4,11,3.8604414e-13,2.7891435e-08,0.00030852246,0.0025800874
5,11,8.273938e-13,4.4348763e-08,0.00039814407,0.0032281505
6,11,1.7421502e-12,6.925668e-08,0.0004961382,0.0038781194
7,11,3.6038097e-12,1.067269e-07,0.00060421677,0.0045302543
8,11,7.323794e-12,1.6258008e-07,0.0007241029,0.005184752
9,11,1.4622222e-11,2.4497243e-07,0.0008575247,0.0058417367
10,11,2.8680842e-11,3.6519575e-07,0.0010062064,0.006501252
11,11,5.5267534e-11,5.3868064e-07,0.0011718558,0.0071632513
12,11,1.04628e-10,7.862295e-07,0.0013561483,0.007827596
13,11,1.9459294e-10,1.1354974e-06,0.0015607065,0.008494042
14,11,3.555556e-10,1.6227254e-06,0.0017870776,0.009162244
15,11,6.382453e-10,2.2947113e-06,0.0020367056,0.009831747
16,11,1.1255566e-09,3.2109745e-06,0.0023109023,0.010501982
17,11,1.9500694e-09,4.446034e-06,0.0026108136,0.011172271
18,11,3.3191863e-09,6.0916814e-06,0.002937386,0.0118418215
19,11,5.5502745e-09,8.259072e-06,0.0032913287,0.012509731
20,11,9.1179615e-09,1.108042e-05,0.003673079,0.013174985
21,11,1.47157495e-08,1.4710017e-05,0.0040827645,0.013836465
22,11,2.3332788e-08,1.9324278e-05,0.0045201704,0.014492953
23,11,3.634556e-08,2.5120458e-05,0.0049847043,0.015143137
24,11,5.562072e-08,3.231372e-05,0.005475371,0.015785614
25,11,8.362266e-08,4.1132258e-05,0.0059907474,0.0164189
26,11,1.2351228e-07,5.181019e-05,0.006528966,0.017041445
27,11,1.7922478e-07,6.457818e-05,0.0070877043,0.017651638
28,11,2.5549687e-07,7.965172e-05,0.0076641818,0.018247813
29,11,3.578278e-07,9.721743e-05,0.008255169,0.018828267
30,11,4.923385e-07,0.00011741769,0.008857001,0.019391278
31,11,6.6550786e-07,0.00014033432,0.009465607,0.019935098
32,11,8.837803e-07,0.0001659725,0.010076545,0.020457987
33,11,1.1530153e-06,0.00019424538,0.010685049,0.020958217
34,11,1.4778377e-06,0.00022496156,0.011286083,0.021434082
35,11,1.8608821e-06,0.00025781576,0.011874406,0.021883916
36,11,2.3020327e-06,0.00029238474,0.01244465,0.02230611
37,11,2.7977273e-06,0.00032812887,0.01299139,0.02269912
38,11,3.3404037e-06,0.00036440074,0.013509239,0.023061473
39,11,3.9182655e-06,0.00040046024,0.013992923,0.023391794
40,11,4.515327e-06,0.00043549715,0.01443738,0.023688812
41,11,5.1119314e-06,0.0004686594,0.014837842,0.023951361
42,11,5.6856657e-06,0.0004990863,0.015189923,0.024178404
43,11,6.2126674e-06,0.0005259453,0.015489696,0.024369031
44,11,6.6692314e-06,0.0005484692,0.015733767,0.024522472
45,11,7.0335464e-06,0.0005659928,0.01591934,0.024638107
46,11,7.2874063e-06,0.000577985,0.01604427,0.02471546
47,11,7.417755e-06,0.00058407604,0.016107103,0.024754217
48,11,7.417755e-06,0.00058407604,0.016107103,0.024754219
49,11,7.2874063e-06,0.000577985,0.01604427,0.02471546
50,11,7.0335464e-06,0.0005659927,0.01591934,0.024638107
51,11,6.6692314e-06,0.0005484692,0.015733767,0.024522472
52,11,6.2126674e-06,0.0005259453,0.0154896965,0.024369031
53,11,5.6856657e-06,0.0004990863,0.015189924,0.024178404
54,11,5.1119314e-06,0.0004686594,0.014837843,0.023951361
55,11,4.515327e-06,0.00043549718,0.01443738,0.023688812
56,11,3.918269e-06,0.00040046024,0.013992924,0.023391796
57,11,3.3404037e-06,0.00036440074,0.013509239,0.023061473
58,11,2.7977273e-06,0.00032812892,0.01299139,0.02269912
59,11,2.3020327e-06,0.00029238474,0.012444649,0.02230611
60,11,1.8608821e-06,0.0002578158,0.011874406,0.021883916
61,11,1.4778377e-06,0.00022496156,0.011286082,0.021434082
62,11,1.1530153e-06,0.00019424543,0.010685049,0.020958217
63,11,8.837803e-07,0.00016597251,0.010076545,0.020457987
64,11,6.6550786e-07,0.00014033435,0.009465607,0.019935098
65,11,4.923385e-07,0.000117417694,0.008857001,0.019391278
66,11,3.578278e-07,9.7217446e-05,0.008255169,0.018828267
67,11,2.5549713e-07,7.965173e-05,0.0076641827,0.018247811
68,11,1.7922427e-07,6.4578184e-05,0.007087705,0.017651638
69,11,1.2351228e-07,5.1810195e-05,0.006528967,0.017041445
70,11,8.362266e-08,4.1132265e-05,0.0059907488,0.016418898
71,11,5.5620827e-08,3.231373e-05,0.0054753716,0.015785612
72,11,3.634556e-08,2.5120462e-05,0.0049847052,0.0151431365
73,11,2.3332788e-08,1.9324283e-05,0.004520171,0.014492955
74,11,1.47157495e-08,1.4710021e-05,0.0040827654,0.013836466
75,11,9.117945e-09,1.1080422e-05,0.00367308,0.013174986
76,11,5.5502745e-09,8.259073e-06,0.0032913296,0.012509732
77,11,3.3191863e-09,6.0916827e-06,0.0029373867,0.011841823
78,11,1.9500694e-09,4.446035e-06,0.0026108148,0.011172273
79,11,1.1255566e-09,3.210975e-06,0.002310903,0.010501984
80,11,6.382453e-10,2.2947117e-06,0.0020367063,0.009831749
81,11,3.555556e-10,1.6227257e-06,0.0017870781,0.009162246
82,11,1.9459294e-10,1.1354977e-06,0.0015607071,0.008494045
83,11,1.04628e-10,7.8622975e-07,0.0013561487,0.007827598
84,11,5.5267534e-11,5.3868087e-07,0.0011718563,0.0071632545
85,11,2.8680842e-11,3.6519583e-07,0.0010062068,0.0065012546
86,11,1.4622222e-11,2.4497248e-07,0.0008575251,0.0058417395
87,11,7.323794e-12,1.625801e-07,0.0007241033,0.0051847543
88,11,3.6038097e-12,1.0672692e-07,0.0006042172,0.0045302566
89,11,1.7421535e-12,6.9256686e-08,0.00049613847,0.0038781213
90,11,8.273891e-13,4.4348766e-08,0.00039814433,0.0032281524
91,11,3.8604414e-13,2.7891438e-08,0.00030852263,0.002580089
92,11,1.7695537e-13,1.6997928e-08,0.00022557532,0.0019336161
93,11,7.9687504e-14,9.635649e-09,0.00014761843,0.0012883755
94,11,3.5254643e-14,4.3416852e-09,7.2980656e-05,0.00064397487
95,11,0.0,0.0,0.0,0.0
0,12,0.0,0.0,0.0,0.0
1,12,6.674161e-14,6.352103e-09,8.446893e-05,0.0007036997
2,12,1.508579e-13,1.4095518e-08,0.0001708551,0.0014078645
3,12,3.3499752e-13,2.4860435e-08,0.0002610814,0.0021129474
4,12,7.3082735e-13,4.0782993e-08,0.0003570815,0.002819376
5,12,1.5663516e-12,6.483007e-08,0.00046080354,0.0035275433
6,12,3.2981033e-12,1.01213935e-07,0.0005742121,0.0042377925
7,12,6.8224528e-12,1.5593234e-07,0.00069928786,0.0049504084
8,12,1.3864864e-11,2.3747332e-07,0.0008380239,0.0056656064
9,12,2.7681706e-11,3.5772737e-07,0.0009924195,0.0063835215
10,12,5.4296238e-11,5.331517e-07,0.0011644692,0.0071042012
11,12,1.04628e-10,7.862295e-07,0.0013561483,0.007827596
12,12,1.9807322e-10,1.1472633e-06,0.0015693945,0.008553551
13,12,3.6838751e-10,1.6565267e-06,0.001806085,0.009281804
14,12,6.7310896e-10,2.3667849e-06,0.0020680088,0.010011974
15,12,1.208274e-09,3.3461558e-06,0.0023568356,0.010743565
16,12,2.1308204e-09,4.6812534e-06,0.002674083,0.011475958
17,12,3.6917198e-09,6.480496e-06,0.0030210752,0.012208409
18,12,6.283625e-09,8.877397e-06,0.0033989064,0.012940051
19,12,1.05073275e-08,1.2033601e-05,0.003808397,0.013669899
20,12,1.7261415e-08,1.6141332e-05,0.004250052,0.014396845
21,12,2.785866e-08,2.1424861e-05,0.0047240173,0.015119668
22,12,4.417174e-08,2.8140556e-05,0.005230045,0.015837036
23,12,6.8806465e-08,3.6575006e-05,0.0057674483,0.016547514
24,12,1.0529683e-07,4.7040743e-05,0.0063350755,0.01724957
25,12,1.5830747e-07,5.986914e-05,0.0069312803,0.017941583
26,12,2.3382364e-07,7.540008e-05,0.007553901,0.018621858
27,12,3.3929345e-07,9.3968316e-05,0.008200251,0.019288633
28,12,4.8368685e-07,0.000115886476,0.008867114,0.019940091
29,12,6.774117e-07,0.00014142515,0.009550753,0.020574372
30,12,9.3205523e-07,0.0001707905,0.01024693,0.02118959
31,12,1.2598865e-06,0.00020410084,0.010950936,0.02178384
32,12,1.6731026e-06,0.0002413629,0.011657633,0.022355217
33,12,2.1827948e-06,0.00028245,0.012361508,0.022901831
34,12,2.7977248e-06,0.00032708337,0.013056735,0.023421822
35,12,3.522874e-06,0.00037481927,0.013737255,0.02391337
36,12,4.3580253e-06,0.00042504238,0.014396857,0.024374714
37,12,5.296435e-06,0.00047696897,0.015029269,0.024804164
38,12,6.3237867e-06,0.0005296584,0.015628258,0.02520012
39,12,7.417741e-06,0.00058203604,0.016187727,0.02556107
40,12,8.54805e-06,0.0006329255,0.01670182,0.025885627
41,12,9.677502e-06,0.0006810895,0.017165022,0.026172522
42,12,1.076364e-05,0.0007252791,0.017572261,0.026420617
43,12,1.1761328e-05,0.00076428533,0.017918998,0.02662892
44,12,1.2625658e-05,0.00079699495,0.018201305,0.026796592
45,12,1.3315351e-05,0.00082244235,0.018415948,0.026922949
46,12,1.3795925e-05,0.000839857,0.01856045,0.027007475
47,12,1.4042691e-05,0.0008487021,0.018633125,0.027049826
48,12,1.4042691e-05,0.0008487021,0.018633125,0.027049826
49,12,1.3795925e-05,0.000839857,0.01856045,0.027007475
50,12,1.3315351e-05,0.00082244235,0.018415948,0.026922947
51,12,1.2625658e-05,0.0007969949,0.018201306,0.026796592
52,12,1.1761328e-05,0.0007642852,0.017918998,0.026628923
53,12,1.076364e-05,0.000725279,0.017572261,0.02642062
54,12,9.677502e-06,0.00068108947,0.017165022,0.026172524
55,12,8.54805e-06,0.0006329254,0.01670182,0.025885629
56,12,7.417741e-06,0.00058203604,0.016187727,0.02556107
57,12,6.3237867e-06,0.0005296584,0.015628258,0.02520012
58,12,5.296435e-06,0.00047696897,0.015029269,0.024804164
59,12,4.3580253e-06,0.00042504244,0.014396857,0.024374714
60,12,3.522874e-06,0.0003748193,0.013737255,0.02391337
61,12,2.7977248e-06,0.00032708343,0.013056735,0.023421822
62,12,2.1827948e-06,0.00028245,0.012361508,0.022901831
63,12,1.6731026e-06,0.00024136293,0.011657633,0.022355217
64,12,1.2598865e-06,0.00020410086,0.010950936,0.021783842
65,12,9.3205523e-07,0.00017079052,0.01024693,0.021189593
66,12,6.774117e-07,0.00014142516,0.009550753,0.020574374
67,12,4.8368685e-07,0.0001158865,0.008867115,0.019940091
68,12,3.3929345e-07,9.396833e-05,0.008200252,0.019288633
69,12,2.3382364e-07,7.540009e-05,0.0075539025,0.018621856
70,12,1.5830747e-07,5.9869148e-05,0.006931281,0.017941581
71,12,1.0529683e-07,4.704075e-05,0.006335077,0.017249567
72,12,6.8806465e-08,3.6575013e-05,0.0057674493,0.016547514
73,12,4.417174e-08,2.8140563e-05,0.005230046,0.015837036
74,12,2.785866e-08,2.1424865e-05,0.0047240187,0.015119669
75,12,1.7261383e-08,1.6141335e-05,0.004250053,0.014396846
76,12,1.05073275e-08,1.20336035e-05,0.0038083983,0.013669901
77,12,6.283625e-09,8.877399e-06,0.0033989074,0.012940053
78,12,3.6917198e-09,6.480497e-06,0.003021076,0.012208411
79,12,2.1308164e-09,4.6812543e-06,0.0026740837,0.01147596
80,12,1.208274e-09,3.3461563e-06,0.0023568363,0.010743568
81,12,6.7310896e-10,2.3667853e-06,0.0020680092,0.0100119775
82,12,3.6838893e-10,1.656527e-06,0.0018060856,0.009281807
83,12,1.9807322e-10,1.1472634e-06,0.0015693952,0.008553553
84,12,1.04628e-10,7.8622975e-07,0.0013561487,0.007827598
85,12,5.4296238e-11,5.331519e-07,0.0011644696,0.007104204
86,12,2.7681706e-11,3.5772746e-07,0.00099242,0.0063835243
87,12,1.3864864e-11,2.3747337e-07,0.00083802437,0.0056656087
88,12,6.8224528e-12,1.5593237e-07,0.00069928827,0.004950411
89,12,3.2981033e-12,1.0121395e-07,0.00057421246,0.004237795
90,12,1.5663487e-12,6.4830076e-08,0.0004608038,0.0035275451
91,12,7.3082735e-13,4.0783e-08,0.00035708174,0.002819378
92,12,3.3499752e-13,2.4860439e-08,0.00026108156,0.0021129486
93,12,1.508579e-13,1.409552e-08,0.00017085519,0.0014078653
94,12,6.674122e-14,6.3521037e-09,8.446897e-05,0.00070370006
95,12,0.0,0.0,0.0,0.0
0,13,0.0,0.0,0.0,0.0
1,13,1.2412972e-13,9.19532e-09,9.72227e-05,0.0007636141
2,13,2.8057385e-13,2.0402005e-08,0.00019665128,0.0015277328
3,13,6.230469e-13,3.597623e-08,0.00030049816,0.0022928477
4,13,1.359233e-12,5.9004396e-08,0.00041098797,0.003059423
5,13,2.9131875e-12,9.377168e-08,0.00053036213,0.0038278846
6,13,6.133995e-12,1.4636e-07,0.00066088093,0.0045986045
7,13,1.26887745e-11,2.2542658e-07,0.00080482283,0.0053718933
8,13,2.578664e-11,3.432196e-07,0.00096448103,0.006147983
9,13,5.1483966e-11,5.168922e-07,0.0011421551,0.0069270213
10,13,1.00983145e-10,7.701792e-07,0.0013401395,0.0077090585
11,13,1.9459294e-10,1.1354974e-06,0.0015607065,0.008494042
12,13,3.6838751e-10,1.6565267e-06,0.001806085,0.009281804
13,13,6.8514744e-10,2.3913062e-06,0.0020784335,0.010072057
14,13,1.2518852e-09,3.4158572e-06,0.0023798102,0.010864393
15,13,2.2472149e-09,4.8282973e-06,0.0027121352,0.011658268
16,13,3.9630175e-09,6.753359e-06,0.0030771531,0.012453013
17,13,6.8660646e-09,9.3471335e-06,0.0034763871,0.013247821
18,13,1.1686633e-08,1.2801807e-05,0.003911095,0.014041751
19,13,1.9542108e-08,1.735e-05,0.0043822196,0.014833733
20,13,3.2103735e-08,2.3268278e-05,0.0048903404,0.015622566
21,13,5.1813075e-08,3.0879248e-05,0.005435626,0.016406925
22,13,8.2153036e-08,4.05516e-05,0.006017789,0.017185364
23,13,1.2797005e-07,5.2697404e-05,0.0066360384,0.017956324
24,13,1.9583668e-07,6.776591e-05,0.00728905,0.018718144
25,13,2.94429e-07,8.623333e-05,0.007974928,0.01946907
26,13,4.348781e-07,0.00010858801,0.008691185,0.020207254
27,13,6.310367e-07,0.00013531074,0.00943473,0.020930791
28,13,8.995875e-07,0.00016685034,0.010201864,0.021637708
29,13,1.2598878e-06,0.00020359509,0.010988289,0.022325985
30,13,1.7334878e-06,0.0002458406,0.011789127,0.022993572
31,13,2.3432067e-06,0.00029375596,0.012598963,0.023638409
32,13,3.1117286e-06,0.00034734994,0.013411887,0.024258424
33,13,4.0596824e-06,0.0004064395,0.0142215565,0.024851572
34,13,5.203363e-06,0.0004706232,0.015021271,0.025415825
35,13,6.5520358e-06,0.0005392622,0.015804064,0.025949216
36,13,8.105296e-06,0.0006114719,0.01656279,0.026449831
37,13,9.8506025e-06,0.000686125,0.017290233,0.026915839
38,13,1.1761328e-05,0.0007618698,0.017979227,0.027345497
39,13,1.3795925e-05,0.00083716173,0.018622758,0.027737174
40,13,1.5898135e-05,0.00091031025,0.019214094,0.02808936
41,13,1.7998753e-05,0.0009795381,0.019746892,0.028400676
42,13,2.0018811e-05,0.0010430504,0.020215314,0.02866989
43,13,2.1874368e-05,0.001099111,0.020614142,0.028895924
44,13,2.3481896e-05,0.0011461206,0.020938862,0.029077869
45,13,2.4764624e-05,0.0011826922,0.021185752,0.02921498
46,13,2.5658423e-05,0.0012077192,0.021351961,0.029306702
47,13,2.6117372e-05,0.0012204305,0.021435553,0.02935266
48,13,2.6117372e-05,0.0012204305,0.021435553,0.02935266
49,13,2.5658423e-05,0.0012077192,0.02135196,0.029306702
50,13,2.4764624e-05,0.0011826921,0.021185752,0.02921498
51,13,2.3481896e-05,0.0011461206,0.020938862,0.029077869
52,13,2.1874368e-05,0.0010991109,0.020614142,0.028895926
53,13,2.0018811e-05,0.0010430503,0.020215314,0.028669892
54,13,1.7998753e-05,0.0009795381,0.019746892,0.028400678
55,13,1.5898135e-05,0.00091031025,0.019214094,0.028089361
56,13,1.3795925e-05,0.0008371617,0.018622758,0.027737176
57,13,1.1761328e-05,0.0007618698,0.017979227,0.027345497
58,13,9.8506025e-06,0.0006861251,0.017290233,0.026915839
59,13,8.105296e-06,0.00061147194,0.016562788,0.026449831
60,13,6.5520358e-06,0.00053926226,0.015804062,0.025949216
61,13,5.203363e-06,0.0004706232,0.015021271,0.025415825
62,13,4.0596824e-06,0.00040643953,0.0142215565,0.02485157
63,13,3.1117286e-06,0.00034734997,0.013411887,0.024258424
64,13,2.3432067e-06,0.00029375596,0.012598963,0.02363841
65,13,1.7334878e-06,0.0002458406,0.011789127,0.022993574
66,13,1.2598878e-06,0.00020359512,0.010988289,0.022325985
67,13,8.995875e-07,0.00016685037,0.010201865,0.021637708
68,13,6.310367e-07,0.00013531075,0.009434731,0.020930793
69,13,4.348781e-07,0.00010858802,0.008691186,0.020207254
70,13,2.94429e-07,8.623334e-05,0.007974929,0.019469067
71,13,1.9583686e-07,6.776592e-05,0.0072890515,0.018718142
72,13,1.2797005e-07,5.269741e-05,0.00663604,0.017956322
73,13,8.2153036e-08,4.055161e-05,0.0060177897,0.017185362
74,13,5.1813075e-08,3.0879255e-05,0.005435628,0.016406925
75,13,3.2103674e-08,2.3268281e-05,0.004890342,0.015622567
76,13,1.9542108e-08,1.7350003e-05,0.004382221,0.014833734
77,13,1.1686633e-08,1.2801809e-05,0.0039110966,0.014041753
78,13,6.8660646e-09,9.347135e-06,0.0034763883,0.013247823
79,13,3.96301e-09,6.7533597e-06,0.003077154,0.012453016
80,13,2.2472149e-09,4.8282986e-06,0.002712136,0.011658271
81,13,1.2518852e-09,3.415858e-06,0.002379811,0.010864396
82,13,6.851501e-10,2.3913067e-06,0.0020784342,0.01007206
83,13,3.6838751e-10,1.6565272e-06,0.0018060856,0.009281807
84,13,1.9459294e-10,1.1354977e-06,0.0015607071,0.008494045
85,13,1.00983145e-10,7.701794e-07,0.00134014,0.0077090617
86,13,5.1483966e-11,5.1689244e-07,0.0011421556,0.006927024
87,13,2.578664e-11,3.4321968e-07,0.0009644815,0.006147986
88,13,1.26887745e-11,2.2542663e-07,0.0008048233,0.0053718956
89,13,6.133995e-12,1.4636004e-07,0.0006608813,0.0045986073
90,13,2.9131818e-12,9.377169e-08,0.0005303625,0.0038278864
91,13,1.359233e-12,5.9004407e-08,0.0004109882,0.0030594245
92,13,6.230469e-13,3.597624e-08,0.0003004983,0.002292849
93,13,2.8057385e-13,2.0402007e-08,0.00019665138,0.0015277338
94,13,1.2412902e-13,9.195321e-09,9.722274e-05,0.0007636145
95,13,0.0,0.0,0.0,0.0
0,14,0.0,0.0,0.0,0.0
1,14,2.2680603e-13,1.3170714e-08,0.00011133869,0.0008236864
2,14,5.126569e-13,2.9218613e-08,0.0002252026,0.0016479172
3,14,1.1384165e-12,5.1513375e-08,0.0003441244,0.0024732223
4,14,2.4835585e-12,8.446755e-08,0.0004706507,0.003300103
5,14,5.322917e-12,1.3420548e-07,0.0006073473,0.0041290172
6,14,1.1207868e-11,2.0941658e-07,0.0007568015,0.0049603684
7,14,2.3184583e-11,3.2246592e-07,0.0009216214,0.0057944893
8,14,4.7116738e-11,4.908427e-07,0.0011044319,0.006631631
9,14,9.4070286e-11,7.390332e-07,0.0013078649,0.0074719535
10,14,1.8451436e-10,1.1009101e-06,0.0015345466,0.008315511
11,14,3.555556e-10,1.6227254e-06,0.0017870776,0.009162244
12,14,6.7310896e-10,2.3667849e-06,0.0020680088,0.010011975
13,14,1.2518852e-09,3.4158572e-06,0.0023798102,0.010864393
14,14,2.287415e-09,4.8783286e-06,0.0027248366,0.0117190555
15,14,4.1060577e-09,6.8940594e-06,0.0031052863,0.012575379
16,14,7.2411317e-09,9.640801e-06,0.0035231542,0.013432641
17,14,1.2545486e-08,1.3340954e-05,0.0039801835,0.014289968
18,14,2.135354e-08,1.8268272e-05,0.004477813,0.015146348
19,14,3.570688e-08,2.4754045e-05,0.00501712,0.016000627
20,14,5.8659072e-08,3.319206e-05,0.0055987677,0.016851509
21,14,9.467162e-08,4.404156e-05,0.0062229484,0.017697563
22,14,1.5010808e-07,5.7827277e-05,0.0068893298,0.018537233
23,14,2.3382385e-07,7.513553e-05,0.007597009,0.019368835
24,14,3.5782847e-07,9.660546e-05,0.008344468,0.020190576
25,14,5.3797413e-07,0.00012291432,0.009129535,0.021000566
26,14,7.9459824e-07,0.00015475648,0.009949365,0.021796813
27,14,1.1530165e-06,0.00019281534,0.0108004175,0.02257726
28,14,1.6437034e-06,0.0002377287,0.011678459,0.023339778
29,14,2.302037e-06,0.0002900479,0.012578569,0.02408219
30,14,3.1673876e-06,0.0003501923,0.013495169,0.024802286
31,14,4.281456e-06,0.00041840135,0.014422055,0.025497839
32,14,5.685671e-06,0.00049468613,0.015352468,0.02616662
33,14,7.4177624e-06,0.00057878497,0.016279146,0.026806418
34,14,9.507461e-06,0.00067012565,0.017194424,0.027415052
35,14,1.1971713e-05,0.0007677985,0.018090326,0.027990393
36,14,1.4809819e-05,0.00087054423,0.018958678,0.028530382
37,14,1.799877e-05,0.000976759,0.019791225,0.02903304
38,14,2.149004e-05,0.0010845197,0.02057976,0.029496493
39,14,2.520761e-05,0.0011916299,0.021316262,0.029918976
40,14,2.9048695e-05,0.0012956853,0.021993022,0.03029886
41,14,3.2886863e-05,0.0013941586,0.022602785,0.030634662
42,14,3.6577934e-05,0.0014844981,0.023138873,0.030925049
43,14,3.9968363e-05,0.0015642358,0.023595313,0.031168861
44,14,4.2905565e-05,0.0016310979,0.023966936,0.031365115
45,14,4.524929e-05,0.0016831127,0.02424949,0.03151301
46,14,4.6882462e-05,0.0017187074,0.024439706,0.031611945
47,14,4.7721045e-05,0.001736786,0.024535371,0.031661514
48,14,4.7721045e-05,0.001736786,0.024535373,0.031661514
49,14,4.6882506e-05,0.0017187074,0.024439706,0.031611945
50,14,4.524929e-05,0.0016831126,0.024249488,0.03151301
51,14,4.2905565e-05,0.0016310976,0.023966936,0.031365115
52,14,3.9968363e-05,0.0015642355,0.023595313,0.031168863
53,14,3.6577934e-05,0.0014844979,0.023138873,0.030925054
54,14,3.2886863e-05,0.0013941585,0.022602785,0.030634664
55,14,2.9048695e-05,0.0012956851,0.021993022,0.030298863
56,14,2.520761e-05,0.0011916299,0.021316262,0.029918976
57,14,2.149004e-05,0.0010845198,0.02057976,0.029496493
58,14,1.799877e-05,0.000976759,0.019791225,0.029033042
59,14,1.4809819e-05,0.0008705443,0.018958678,0.028530383
60,14,1.1971736e-05,0.00076779857,0.018090326,0.027990393
61,14,9.507452e-06,0.00067012565,0.017194424,0.027415052
62,14,7.4177624e-06,0.000578785,0.016279146,0.026806418
63,14,5.685671e-06,0.00049468613,0.015352468,0.02616662
64,14,4.2814477e-06,0.00041840138,0.014422055,0.025497839
65,14,3.1673876e-06,0.00035019233,0.013495169,0.024802286
66,14,2.302037e-06,0.00029004793,0.01257857,0.02408219
67,14,1.643705e-06,0.00023772875,0.011678459,0.023339778
68,14,1.1530153e-06,0.00019281537,0.010800418,0.02257726
69,14,7.9459824e-07,0.00015475649,0.009949367,0.021796813
70,14,5.3797413e-07,0.00012291434,0.009129536,0.021000564
71,14,3.578288e-07,9.6605465e-05,0.00834447,0.020190576
72,14,2.3382385e-07,7.513555e-05,0.007597011,0.019368833
73,14,1.5010808e-07,5.7827285e-05,0.0068893316,0.01853723
74,14,9.467162e-08,4.4041568e-05,0.00622295,0.017697565
75,14,5.8659072e-08,3.3192067e-05,0.005598769,0.016851509
76,14,3.570688e-08,2.475405e-05,0.0050171213,0.016000628
77,14,2.135354e-08,1.8268274e-05,0.004477814,0.01514635
78,14,1.2545486e-08,1.3340957e-05,0.003980185,0.01428997
79,14,7.241104e-09,9.640804e-06,0.0035231553,0.013432642
80,14,4.1060577e-09,6.894061e-06,0.0031052872,0.012575382
81,14,2.287415e-09,4.87833e-06,0.0027248377,0.011719059
82,14,1.2518899e-09,3.4158577e-06,0.002379811,0.010864396
83,14,6.7310896e-10,2.3667853e-06,0.0020680095,0.0100119775
84,14,3.555556e-10,1.6227258e-06,0.0017870782,0.009162247
85,14,1.8451436e-10,1.1009104e-06,0.0015345472,0.008315514
86,14,9.4069925e-11,7.3903345e-07,0.0013078655,0.007471957
87,14,4.7116738e-11,4.908428e-07,0.0011044323,0.006631634
88,14,2.3184583e-11,3.2246604e-07,0.000921622,0.005794492
89,14,1.120789e-11,2.0941661e-07,0.0007568019,0.0049603707
90,14,5.3228966e-12,1.342055e-07,0.00060734764,0.004129019
91,14,2.4835585e-12,8.4467565e-08,0.00047065094,0.0033001045
92,14,1.1384165e-12,5.1513386e-08,0.00034412454,0.0024732237
93,14,5.126579e-13,2.9218619e-08,0.00022520272,0.0016479181
94,14,2.268056e-13,1.3170717e-08,0.000111338755,0.0008236869
95,14,0.0,0.0,0.0,0.0
0,15,0.0,0.0,0.0,0.0
1,15,4.071315e-13,1.8665823e-08,0.00012690731,0.000883876
2,15,9.202524e-13,4.140409e-08,0.00025669188,0.001768336
3,15,2.0435314e-12,7.2983326e-08,0.00039223937,0.0026539487
4,15,4.458148e-12,1.1964586e-07,0.00053645147,0.0035412516
5,15,9.55498e-12,1.9005277e-07,0.0006922515,0.0044307373
6,15,2.0118848e-11,2.9648885e-07,0.0008625872,0.005322837
7,15,4.1617827e-11,4.5643029e-07,0.0010504301,0.006217908
8,15,8.457727e-11,6.945886e-07,0.0012587706,0.007116222
9,15,1.6886159e-10,1.0455531e-06,0.0014906072,0.008017946
10,15,3.3121458e-10,1.5571596e-06,0.0017489314,0.008923142
11,15,6.382453e-10,2.2947113e-06,0.0020367056,0.009831747
12,15,1.208274e-09,3.3461558e-06,0.0023568356,0.010743566
13,15,2.2472149e-09,4.8282977e-06,0.0027121352,0.011658269
14,15,4.1060577e-09,6.89406e-06,0.0031052863,0.012575379
15,15,7.370639e-09,9.740724e-06,0.0035387918,0.013494273
16,15,1.2998275e-08,1.361897e-05,0.004014924,0.014414169
17,15,2.251996e-08,1.8842371e-05,0.0045356685,0.015334137
18,15,3.833091e-08,2.5796828e-05,0.005102662,0.01625309
19,15,6.4096156e-08,3.4949255e-05,0.005717132,0.017169787
20,15,1.0529683e-07,4.6854515e-05,0.0063798325,0.018082837
21,15,1.6994152e-07,6.215958e-05,0.0070909816,0.018990705
22,15,2.6945372e-07,8.1603524e-05,0.007850199,0.019891722
23,15,4.1972896e-07,0.00010601201,0.008656456,0.02078408
24,15,6.42324e-07,0.00013628481,0.009508021,0.02166586
25,15,9.656984e-07,0.00017337523,0.0104024215,0.022535026
26,15,1.4263552e-06,0.00021826035,0.011336412,0.02338945
27,15,2.069739e-06,0.00027190155,0.012305962,0.024226913
28,15,2.950551e-06,0.0003351957,0.013306246,0.02504514
29,15,4.1322974e-06,0.00040891775,0.014331661,0.02584179
30,15,5.6856657e-06,0.0004936566,0.015375848,0.026614495
31,15,7.685475e-06,0.0005897475,0.016431745,0.027360862
32,15,1.0206148e-05,0.00069720444,0.017491648,0.028078502
33,15,1.3315351e-05,0.0008156574,0.018547287,0.028765041
34,15,1.7066492e-05,0.00094429887,0.019589933,0.029418137
35,15,2.149e-05,0.0010818471,0.020610496,0.030035513
36,15,2.6584532e-05,0.001226528,0.021599669,0.030614948
37,15,3.2308955e-05,0.0013760834,0.02254805,0.031154327
38,15,3.8575938e-05,0.0015278057,0.023446288,0.031651635
39,15,4.524925e-05,0.0016786034,0.02428525,0.032104984
40,15,5.2144285e-05,0.0018250926,0.025056157,0.03251262
41,15,5.9033988e-05,0.0019637172,0.025750743,0.032872956
42,15,6.56597e-05,0.0020908862,0.026361402,0.03318456
43,15,7.174573e-05,0.0022031276,0.026881332,0.033446178
44,15,7.701827e-05,0.0022972422,0.027304647,0.03365677
45,15,8.12254e-05,0.0023704565,0.027626501,0.033815466
46,15,8.415705e-05,0.0024205577,0.027843174,0.03392163
47,15,8.566236e-05,0.0024460037,0.027952148,0.033974823
48,15,8.566236e-05,0.0024460037,0.027952146,0.033974823
49,15,8.415705e-05,0.0024205577,0.027843172,0.033921633
50,15,8.122533e-05,0.0023704565,0.027626498,0.03381547
51,15,7.701827e-05,0.0022972422,0.027304646,0.03365677
52,15,7.174573e-05,0.0022031274,0.026881332,0.03344618
53,15,6.56597e-05,0.0020908862,0.026361402,0.03318456
54,15,5.9033988e-05,0.001963717,0.025750741,0.032872956
55,15,5.2144285e-05,0.0018250927,0.025056155,0.032512624
56,15,4.524929e-05,0.0016786035,0.02428525,0.032104984
57,15,3.8575938e-05,0.0015278058,0.023446288,0.031651635
58,15,3.2308955e-05,0.0013760835,0.022548048,0.031154329
59,15,2.6584532e-05,0.001226528,0.021599669,0.03061495
60,15,2.149e-05,0.0010818471,0.020610496,0.03003551
61,15,1.7066492e-05,0.00094429887,0.019589933,0.029418139
62,15,1.3315351e-05,0.00081565743,0.018547287,0.02876504
63,15,1.0206148e-05,0.00069720455,0.017491648,0.028078502
64,15,7.685475e-06,0.00058974756,0.016431745,0.02736086
65,15,5.6856657e-06,0.00049365667,0.015375848,0.026614495
66,15,4.1322974e-06,0.00040891784,0.014331661,0.02584179
67,15,2.9505538e-06,0.00033519577,0.013306248,0.02504514
68,15,2.069733e-06,0.0002719016,0.012305964,0.024226913
69,15,1.4263552e-06,0.00021826038,0.011336413,0.023389447
70,15,9.656984e-07,0.00017337526,0.010402422,0.022535026
71,15,6.4232523e-07,0.00013628483,0.009508023,0.02166586
72,15,4.1972896e-07,0.00010601203,0.008656458,0.02078408
73,15,2.6945372e-07,8.160354e-05,0.007850201,0.019891722
74,15,1.6994152e-07,6.21596e-05,0.007090983,0.018990707
75,15,1.0529663e-07,4.6854526e-05,0.0063798344,0.018082837
76,15,6.4096156e-08,3.494926e-05,0.0057171336,0.017169787
77,15,3.833091e-08,2.5796835e-05,0.0051026633,0.016253091
78,15,2.251996e-08,1.8842375e-05,0.00453567,0.01533414
79,15,1.29982505e-08,1.3618973e-05,0.0040149256,0.014414172
80,15,7.370639e-09,9.740726e-06,0.0035387932,0.013494275
81,15,4.1060577e-09,6.8940612e-06,0.0031052872,0.012575382
82,15,2.247219e-09,4.8282986e-06,0.002712136,0.011658273
83,15,1.208274e-09,3.3461565e-06,0.0023568363,0.010743569
84,15,6.382453e-10,2.294712e-06,0.0020367063,0.00983175
85,15,3.3121458e-10,1.5571601e-06,0.0017489321,0.008923145
86,15,1.6886159e-10,1.0455533e-06,0.0014906077,0.008017949
87,15,8.457727e-11,6.945888e-07,0.0012587712,0.0071162246
88,15,4.1617827e-11,4.5643043e-07,0.0010504307,0.0062179104
89,15,2.0118887e-11,2.9648893e-07,0.0008625877,0.005322839
90,15,9.554925e-12,1.9005283e-07,0.00069225184,0.004430739
91,15,4.458148e-12,1.1964589e-07,0.00053645176,0.0035412535
92,15,2.0435314e-12,7.298334e-08,0.00039223957,0.0026539501
93,15,9.202541e-13,4.1404096e-08,0.000256692,0.001768337
94,15,4.071307e-13,1.8665826e-08,0.00012690738,0.00088387646
95,15,0.0,0.0,0.0,0.0
0,16,0.0,0.0,0.0,0.0
1,16,7.179862e-13,2.6174703e-08,0.00014401069,0.00094413164
2,16,1.6228841e-12,5.8053097e-08,0.0002912852,0.001888887
3,16,3.6038097e-12,1.0231239e-07,0.00044509687,0.0028348735
4,16,7.862022e-12,1.6769086e-07,0.00060873723,0.0037826654
5,16,1.6850374e-11,2.6630863e-07,0.00078552216,0.004732788
6,16,3.5480008e-11,4.1535165e-07,0.0009787953,0.0056857034
7,16,7.33939e-11,6.3926143e-07,0.0011919274,0.006641792
8,16,1.4915434e-10,9.725895e-07,0.0014283095,0.007601343
9,16,2.9779207e-10,1.4636859e-06,0.0016913431,0.008564537
10,16,5.841049e-10,2.1794015e-06,0.0019844207,0.00953144
11,16,1.1255566e-09,3.2109745e-06,0.0023109023,0.010501982
12,16,2.1308204e-09,4.681254e-06,0.002674083,0.011475958
13,16,3.9630175e-09,6.7533592e-06,0.0030771531,0.012453013
14,16,7.2411317e-09,9.640801e-06,0.0035231542,0.013432641
15,16,1.2998275e-08,1.361897e-05,0.004014924,0.014414169
16,16,2.2922771e-08,1.9037712e-05,0.004555039,0.01539677
17,16,3.9714493e-08,2.6334561e-05,0.0051457505,0.016379446
18,16,6.759748e-08,3.604786e-05,0.005788913,0.017361037
19,16,1.1303501e-07,4.882882e-05,0.0064859176,0.018340217
20,16,1.856935e-07,6.545118e-05,0.007237619,0.019315502
21,16,2.9969567e-07,8.6816945e-05,0.008044262,0.020285252
22,16,4.7518722e-07,0.00011395628,0.008905415,0.021247681
23,16,7.4020073e-07,0.0001480198,0.009819911,0.022200864
24,16,1.1327538e-06,0.00019026121,0.010785782,0.023142744
25,16,1.7030292e-06,0.00024200845,0.011800225,0.024071153
26,16,2.5154093e-06,0.00030462217,0.01285956,0.024983812
27,16,3.6500278e-06,0.00037944093,0.013959211,0.025878355
28,16,5.203368e-06,0.00046771285,0.015093708,0.026752347
29,16,7.287413e-06,0.00057051587,0.016256694,0.027603295
30,16,1.0026799e-05,0.0006886685,0.017440958,0.028428664
31,16,1.3553521e-05,0.0008226356,0.018638492,0.029225899
32,16,1.799877e-05,0.0009724341,0.019840557,0.029992448
33,16,2.348192e-05,0.0011375463,0.02103778,0.030725777
34,16,3.009714e-05,0.0013168448,0.022220252,0.03142339
35,16,3.789813e-05,0.0015085421,0.023377674,0.032082837
36,16,4.6882462e-05,0.0017101651,0.024499489,0.032701764
37,16,5.697757e-05,0.0019185666,0.025575029,0.033277903
38,16,6.80296e-05,0.0021299748,0.026593704,0.033809103
39,16,7.979806e-05,0.0023400823,0.027545147,0.03429335
40,16,9.195762e-05,0.002544177,0.028419405,0.034728765
41,16,0.000104107865,0.0027373054,0.029207109,0.035113655
42,16,0.00011579234,0.0029144676,0.029899633,0.035446495
43,16,0.0001265252,0.0030708283,0.03048926,0.035725947
44,16,0.00013582343,0.0032019338,0.030969322,0.035950888
45,16,0.00014324283,0.003303922,0.031334322,0.036120404
46,16,0.00014841284,0.0033737123,0.03158004,0.0362338
47,16,0.00015106749,0.0034091584,0.03170362,0.03629062
48,16,0.00015106749,0.0034091584,0.031703617,0.03629062
49,16,0.00014841299,0.0033737123,0.031580035,0.036233805
50,16,0.00014324283,0.003303922,0.03133432,0.036120407
51,16,0.00013582343,0.0032019336,0.03096932,0.03595089
52,16,0.0001265252,0.003070828,0.030489258,0.035725947
53,16,0.00011579234,0.0029144674,0.029899633,0.0354465
54,16,0.000104107865,0.0027373054,0.029207109,0.03511366
55,16,9.195762e-05,0.0025441768,0.028419405,0.034728765
56,16,7.979814e-05,0.0023400825,0.027545145,0.03429335
57,16,6.80296e-05,0.002129975,0.026593704,0.033809103
58,16,5.697757e-05,0.0019185669,0.025575029,0.033277906
59,16,4.6882462e-05,0.0017101652,0.024499485,0.032701768
60,16,3.789813e-05,0.0015085421,0.023377674,0.032082837
61,16,3.009714e-05,0.001316845,0.022220252,0.03142339
62,16,2.348192e-05,0.0011375463,0.021037778,0.030725777
63,16,1.799877e-05,0.0009724343,0.019840557,0.029992448
64,16,1.3553521e-05,0.00082263566,0.018638492,0.029225899
65,16,1.0026799e-05,0.0006886686,0.017440958,0.028428663
66,16,7.287413e-06,0.0005705159,0.016256694,0.027603295
67,16,5.203368e-06,0.0004677129,0.015093709,0.026752347
68,16,3.6500278e-06,0.000379441,0.013959213,0.025878353
69,16,2.5154093e-06,0.00030462223,0.012859561,0.02498381
70,16,1.7030292e-06,0.00024200848,0.011800227,0.024071153
71,16,1.132755e-06,0.00019026124,0.010785784,0.023142748
72,16,7.4020073e-07,0.00014801983,0.009819912,0.022200866
73,16,4.7518722e-07,0.0001139563,0.008905417,0.021247683
74,16,2.9969567e-07,8.681696e-05,0.008044263,0.020285254
75,16,1.8569314e-07,6.5451204e-05,0.0072376207,0.019315504
76,16,1.1303501e-07,4.882883e-05,0.0064859195,0.018340219
77,16,6.759748e-08,3.6047866e-05,0.0057889144,0.01736104
78,16,3.9714493e-08,2.6334566e-05,0.0051457523,0.01637945
79,16,2.2922729e-08,1.9037718e-05,0.004555041,0.015396773
80,16,1.2998275e-08,1.3618974e-05,0.0040149256,0.014414173
81,16,7.2411317e-09,9.640805e-06,0.0035231553,0.013432643
82,16,3.963025e-09,6.7533606e-06,0.003077154,0.012453017
83,16,2.1308204e-09,4.6812547e-06,0.0026740837,0.011475961
84,16,1.1255566e-09,3.2109754e-06,0.002310903,0.010501985
85,16,5.841049e-10,2.179402e-06,0.0019844216,0.009531443
86,16,2.977915e-10,1.4636863e-06,0.0016913438,0.00856454
87,16,1.4915434e-10,9.725898e-07,0.0014283102,0.0076013454
88,16,7.33939e-11,6.392616e-07,0.0011919279,0.0066417945
89,16,3.548021e-11,4.1535176e-07,0.0009787959,0.005685705
90,16,1.6850342e-11,2.663087e-07,0.00078552257,0.0047327904
91,16,7.862022e-12,1.6769089e-07,0.0006087376,0.0037826672
92,16,3.6038097e-12,1.0231241e-07,0.0004450971,0.002834875
93,16,1.6228903e-12,5.8053107e-08,0.00029128534,0.0018888881
94,16,7.179862e-13,2.6174707e-08,0.00014401076,0.00094413204
95,16,0.0,0.0,0.0,0.0
0,17,0.0,0.0,0.0,0.0
1,17,1.2439358e-12,3.6317388e-08,0.00016272062,0.0010043923
2,17,2.8117027e-12,8.0539216e-08,0.00032912777,0.0020094484
3,17,6.2437247e-12,1.4191724e-07,0.0005029188,0.0030158134
4,17,1.3621249e-11,2.3255531e-07,0.0006878113,0.004024099
5,17,2.919391e-11,3.6923652e-07,0.0008875506,0.005034864
6,17,6.1470336e-11,5.7575147e-07,0.0011059132,0.0060485993
7,17,1.2715747e-10,8.85926e-07,0.0013467057,0.00706571
8,17,2.5841504e-10,1.3475643e-06,0.0016137587,0.008086504
9,17,5.15935e-10,2.0275465e-06,0.0019109128,0.009111174
10,17,1.0119818e-09,3.0183214e-06,0.002242,0.010139787
11,17,1.9500694e-09,4.446034e-06,0.0026108136,0.011172271
12,17,3.6917198e-09,6.480496e-06,0.0030210752,0.012208409
13,17,6.8660646e-09,9.347134e-06,0.0034763871,0.013247821
14,17,1.2545486e-08,1.3340954e-05,0.0039801835,0.014289968
15,17,2.251996e-08,1.8842371e-05,0.0045356685,0.015334137
16,17,3.9714493e-08,2.6334561e-05,0.0051457505,0.016379446
17,17,6.880673e-08,3.6421672e-05,0.00581297,0.017424837
18,17,1.1711497e-07,4.9846916e-05,0.006539421,0.018469067
19,17,1.9583686e-07,6.750914e-05,0.007326674,0.019510737
20,17,3.2172008e-07,9.0476104e-05,0.008175692,0.02054826
21,17,5.192331e-07,0.00011999229,0.009086749,0.021579895
22,17,8.2327824e-07,0.0001574788,0.010059359,0.022603745
23,17,1.2824232e-06,0.00020452253,0.011092199,0.02361775
24,17,1.9625352e-06,0.00026285218,0.01218305,0.024619736
25,17,2.9505568e-06,0.0003342984,0.013328741,0.025607387
26,17,4.3580294e-06,0.00042073661,0.014525117,0.026578283
27,17,6.323805e-06,0.00052401103,0.015767012,0.02752991
28,17,9.015006e-06,0.00064584083,0.017048243,0.028459672
29,17,1.2625683e-05,0.0007877101,0.018361634,0.02936492
30,17,1.7371758e-05,0.00095074455,0.019699045,0.030242952
31,17,2.3481942e-05,0.0011355822,0.021051424,0.031091062
32,17,3.118346e-05,0.0013422434,0.022408908,0.031906523
33,17,4.0683273e-05,0.0015700107,0.023760911,0.032686643
34,17,5.2144336e-05,0.0018173271,0.025096249,0.033428762
35,17,6.5659755e-05,0.0020817253,0.02640329,0.034130294
36,17,8.122548e-05,0.0023597935,0.027670106,0.034788713
37,17,9.871551e-05,0.002647191,0.028884664,0.035401613
38,17,0.00011786362,0.0029387174,0.030034998,0.03596671
39,17,0.0001382529,0.0032284346,0.031109406,0.03648185
40,17,0.00015931974,0.0035098465,0.032096647,0.036945052
41,17,0.00018037029,0.0037761265,0.032986145,0.0373545
42,17,0.00020061422,0.004020384,0.033768162,0.037708573
43,17,0.00021920927,0.004235955,0.034433983,0.038005855
44,17,0.00023531879,0.0044167023,0.034976076,0.03824515
45,17,0.00024817314,0.0045573045,0.03538824,0.03842548
46,17,0.00025713036,0.004653517,0.035665706,0.03854611
47,17,0.00026172964,0.004702382,0.035805255,0.038606554
48,17,0.00026172964,0.004702382,0.035805255,0.038606554
49,17,0.00025713062,0.0046535167,0.035665706,0.03854611
50,17,0.00024817314,0.0045573045,0.035388235,0.03842548
51,17,0.00023531879,0.004416702,0.034976073,0.03824515
52,17,0.00021920927,0.004235955,0.03443398,0.038005855
53,17,0.00020061422,0.0040203836,0.03376816,0.037708573
54,17,0.00018037029,0.0037761265,0.03298614,0.0373545
55,17,0.00015931974,0.0035098467,0.032096647,0.036945052
56,17,0.00013825303,0.0032284348,0.031109402,0.03648185
57,17,0.00011786351,0.0029387178,0.030034995,0.03596671
58,17,9.871551e-05,0.0026471913,0.028884662,0.035401613
59,17,8.122548e-05,0.0023597935,0.027670104,0.034788713
60,17,6.565982e-05,0.0020817255,0.02640329,0.034130294
61,17,5.2144285e-05,0.0018173272,0.025096249,0.033428762
62,17,4.0683273e-05,0.0015700108,0.02376091,0.032686643
63,17,3.118346e-05,0.0013422435,0.022408906,0.031906523
64,17,2.348192e-05,0.0011355823,0.021051424,0.031091059
65,17,1.7371758e-05,0.0009507447,0.019699045,0.030242952
66,17,1.2625683e-05,0.0007877102,0.018361636,0.02936492
67,17,9.015014e-06,0.00064584095,0.017048245,0.028459672
68,17,6.3237926e-06,0.0005240111,0.015767012,0.02752991
69,17,4.3580294e-06,0.00042073667,0.014525118,0.026578283
70,17,2.9505568e-06,0.00033429847,0.013328742,0.025607387
71,17,1.9625388e-06,0.00026285223,0.012183051,0.024619736
72,17,1.2824232e-06,0.00020452257,0.0110922,0.023617752
73,17,8.2327824e-07,0.00015747883,0.01005936,0.022603745
74,17,5.192331e-07,0.00011999232,0.009086751,0.021579897
75,17,3.2171977e-07,9.0476125e-05,0.008175693,0.020548262
76,17,1.9583686e-07,6.750916e-05,0.007326676,0.019510739
77,17,1.1711497e-07,4.984693e-05,0.006539423,0.01846907
78,17,6.880673e-08,3.642168e-05,0.0058129714,0.017424837
79,17,3.9714415e-08,2.6334566e-05,0.0051457523,0.01637945
80,17,2.251996e-08,1.8842375e-05,0.00453567,0.0153341405
81,17,1.2545486e-08,1.3340958e-05,0.003980185,0.0142899705
82,17,6.866078e-09,9.347137e-06,0.0034763885,0.013247824
83,17,3.6917198e-09,6.4804976e-06,0.003021076,0.012208412
84,17,1.9500694e-09,4.4460353e-06,0.0026108148,0.011172275
85,17,1.0119818e-09,3.0183223e-06,0.0022420008,0.01013979
86,17,5.15934e-10,2.0275475e-06,0.0019109136,0.009111177
87,17,2.5841504e-10,1.3475649e-06,0.0016137594,0.008086507
88,17,1.2715747e-10,8.859262e-07,0.0013467064,0.0070657125
89,17,6.147057e-11,5.757517e-07,0.0011059138,0.0060486016
90,17,2.9193797e-11,3.692366e-07,0.000887551,0.0050348663
91,17,1.3621249e-11,2.3255535e-07,0.00068781164,0.0040241005
92,17,6.2437247e-12,1.4191727e-07,0.000502919,0.0030158148
93,17,2.811708e-12,8.053923e-08,0.00032912794,0.0020094488
94,17,1.2439335e-12,3.6317395e-08,0.00016272071,0.0010043927
95,17,0.0,0.0,0.0,0.0
0,18,0.0,0.0,0.0,0.0
1,18,2.1172899e-12,4.985939e-08,0.00018309649,0.0010645868
2,18,4.785778e-12,1.1055811e-07,0.00037033967,0.0021298768
3,18,1.06273575e-11,1.9478061e-07,0.00056588836,0.0031965545
4,18,2.3184583e-11,3.1911682e-07,0.0007739242,0.0042652674
5,18,4.9690547e-11,5.065633e-07,0.00099866,0.0053366083
6,18,1.04628e-10,7.897092e-07,0.0012443431,0.006411096
7,18,2.1643336e-10,1.2148774e-06,0.0015152552,0.0074891625
8,18,4.3984463e-10,1.8475185e-06,0.0018157043,0.008571132
9,18,8.781658e-10,2.7791775e-06,0.0021500103,0.009657209
10,18,1.7224803e-09,4.136369e-06,0.0025224818,0.010747463
11,18,3.3191863e-09,6.0916814e-06,0.002937386,0.011841822
12,18,6.283625e-09,8.877397e-06,0.0033989064,0.012940051
13,18,1.1686633e-08,1.2801807e-05,0.003911095,0.014041751
14,18,2.135354e-08,1.8268272e-05,0.004477813,0.015146348
15,18,3.833091e-08,2.5796831e-05,0.005102662,0.01625309
16,18,6.759748e-08,3.604786e-05,0.005788913,0.017361037
17,18,1.1711497e-07,4.984692e-05,0.006539421,0.018469067
18,18,1.9933977e-07,6.8209396e-05,0.0073565417,0.019575875
19,18,3.3333183e-07,9.236306e-05,0.008242037,0.02067996
20,18,5.475958e-07,0.00012376613,0.009196989,0.021779653
21,18,8.837803e-07,0.00016411791,0.010221708,0.022873104
22,18,1.4012904e-06,0.00021535839,0.011315641,0.023958297
23,18,2.1827948e-06,0.00027965356,0.012477301,0.025033064
24,18,3.3404037e-06,0.00035936243,0.01370419,0.026095085
25,18,5.0221015e-06,0.00045698267,0.014992743,0.027141914
26,18,7.417755e-06,0.0005750723,0.016338283,0.02817098
27,18,1.0763661e-05,0.00071614626,0.017735,0.029179625
28,18,1.534433e-05,0.00088254816,0.019175947,0.030165095
29,18,2.149004e-05,0.0010762998,0.020653043,0.031124577
30,18,2.9568257e-05,0.0012989342,0.022157136,0.03205522
31,18,3.9968287e-05,0.0015513177,0.023678051,0.032954138
32,18,5.3076983e-05,0.0018334736,0.025204694,0.033818457
33,18,6.924644e-05,0.0021444191,0.026725158,0.034645315
34,18,8.8754234e-05,0.0024820257,0.028226871,0.035431903
35,18,0.000111758665,0.002842923,0.029696746,0.03617546
36,18,0.0001382529,0.0032224532,0.03112138,0.036873326
37,18,0.00016802245,0.0036146918,0.032487236,0.037522946
38,18,0.00020061422,0.0040125423,0.033780858,0.038121898
39,18,0.00023531856,0.0044079022,0.034989092,0.038667902
40,18,0.00027117616,0.0047919103,0.0360993,0.039158855
41,18,0.00030700606,0.005155255,0.03709958,0.039592832
42,18,0.00034146302,0.0054885373,0.037978996,0.039968114
43,18,0.00037311323,0.005782668,0.038727734,0.040283207
44,18,0.00040053303,0.0060292794,0.039337344,0.04053684
45,18,0.00042241244,0.006221113,0.039800834,0.040727973
46,18,0.00043765825,0.0063523804,0.040112857,0.040855832
47,18,0.0004454866,0.006419048,0.040269785,0.040919896
48,18,0.0004454866,0.006419048,0.040269785,0.040919896
49,18,0.00043765845,0.00635238,0.040112857,0.040855832
50,18,0.00042241203,0.006221113,0.039800834,0.040727973
51,18,0.00040053303,0.0060292785,0.03933734,0.04053684
52,18,0.00037311323,0.005782668,0.038727734,0.040283207
53,18,0.0003414627,0.0054885373,0.03797899,0.039968114
54,18,0.00030700606,0.005155255,0.037099577,0.039592832
55,18,0.00027117616,0.0047919108,0.036099296,0.039158855
56,18,0.00023531856,0.0044079027,0.034989092,0.038667902
57,18,0.00020061403,0.0040125423,0.033780858,0.038121898
58,18,0.00016802245,0.003614692,0.032487236,0.037522946
59,18,0.0001382529,0.0032224534,0.031121379,0.036873322
60,18,0.000111758774,0.0028429234,0.029696746,0.03617546
61,18,8.875415e-05,0.0024820261,0.02822687,0.035431903
62,18,6.924644e-05,0.0021444194,0.026725158,0.03464532
63,18,5.3076983e-05,0.0018334739,0.025204692,0.033818457
64,18,3.9968287e-05,0.0015513179,0.02367805,0.032954138
65,18,2.9568257e-05,0.0012989345,0.022157136,0.032055218
66,18,2.149004e-05,0.0010763002,0.020653045,0.031124577
67,18,1.534433e-05,0.00088254834,0.019175949,0.030165095
68,18,1.0763661e-05,0.00071614643,0.017735003,0.029179625
69,18,7.417755e-06,0.0005750724,0.016338285,0.028170982
70,18,5.0221015e-06,0.00045698276,0.014992745,0.027141914
71,18,3.34041e-06,0.00035936252,0.013704192,0.026095085
72,18,2.1827948e-06,0.0002796536,0.012477303,0.025033066
73,18,1.4012904e-06,0.00021535842,0.011315643,0.0239583
74,18,8.837803e-07,0.00016411793,0.0102217095,0.022873105
75,18,5.475953e-07,0.00012376616,0.009196992,0.021779655
76,18,3.3333183e-07,9.236307e-05,0.008242039,0.020679964
77,18,1.9933977e-07,6.820941e-05,0.0073565436,0.019575877
78,18,1.1711497e-07,4.9846934e-05,0.006539423,0.018469071
79,18,6.7597355e-08,3.604787e-05,0.0057889144,0.017361041
80,18,3.833091e-08,2.5796837e-05,0.0051026633,0.016253093
81,18,2.135354e-08,1.8268278e-05,0.0044778143,0.015146351
82,18,1.1686655e-08,1.280181e-05,0.003911096,0.014041755
83,18,6.283625e-09,8.8773995e-06,0.0033989076,0.012940055
84,18,3.3191863e-09,6.091683e-06,0.002937387,0.011841826
85,18,1.7224803e-09,4.1363696e-06,0.002522483,0.010747467
86,18,8.781658e-10,2.7791784e-06,0.0021500112,0.009657212
87,18,4.3984463e-10,1.8475191e-06,0.0018157051,0.008571135
88,18,2.1643336e-10,1.2148778e-06,0.001515256,0.007489165
89,18,1.04628e-10,7.8970936e-07,0.0012443437,0.006411099
90,18,4.9690453e-11,5.065634e-07,0.0009986605,0.0053366106
91,18,2.3184583e-11,3.1911688e-07,0.00077392464,0.0042652693
92,18,1.06273575e-11,1.9478064e-07,0.0005658886,0.003196556
93,18,4.785778e-12,1.1055813e-07,0.00037033987,0.0021298777
94,18,2.117278e-12,4.98594e-08,0.00018309658,0.0010645873
95,18,0.0,0.0,0.0,0.0
0,19,0.0,0.0,0.0,0.0
1,19,3.5404817e-12,6.772985e-08,0.00020518286,0.0011246338
2,19,8.002664e-12,1.501676e-07,0.00041501102,0.0022500104
3,19,1.777088e-11,2.645216e-07,0.00063414336,0.0033768527
4,19,3.8768707e-11,4.3329226e-07,0.0008672644,0.004505845
5,19,8.3091506e-11,6.876599e-07,0.001119093,0.0056376127
6,19,1.7495644e-10,1.0717991e-06,0.0013943873,0.006772705
7,19,3.619147e-10,1.6484846e-06,0.0016979434,0.007911577
8,19,7.354977e-10,2.5063903e-06,0.0020345866,0.009054571
9,19,1.4684479e-09,3.7695145e-06,0.002409156,0.010201904
10,19,2.8802958e-09,5.6091844e-06,0.002826477,0.01135365
11,19,5.5502745e-09,8.259072e-06,0.0032913287,0.012509731
12,19,1.05073275e-08,1.2033601e-05,0.003808397,0.013669899
13,19,1.9542108e-08,1.735e-05,0.0043822196,0.014833733
14,19,3.570688e-08,2.4754047e-05,0.00501712,0.016000627
15,19,6.4096156e-08,3.4949255e-05,0.005717132,0.017169787
16,19,1.1303501e-07,4.882882e-05,0.0064859176,0.018340217
17,19,1.9583686e-07,6.7509136e-05,0.007326674,0.019510737
18,19,3.3333183e-07,9.236305e-05,0.008242037,0.02067996
19,19,5.5739e-07,0.00012505024,0.0092339795,0.021846311
20,19,9.1567836e-07,0.00016754158,0.010303712,0.023008017
21,19,1.4778377e-06,0.00022213325,0.01145158,0.024163129
22,19,2.343209e-06,0.0002914463,0.012676962,0.02530952
23,19,3.6500278e-06,0.00037840655,0.013978192,0.026444893
24,19,5.585754e-06,0.00048619986,0.015352469,0.027566802
25,19,8.397854e-06,0.0006181987,0.016795801,0.028672662
26,19,1.2403805e-05,0.00077785616,0.018302947,0.02975976
27,19,1.799877e-05,0.00096856646,0.019867402,0.030825276
28,19,2.5658423e-05,0.0011934914,0.021481372,0.031866316
29,19,3.5935132e-05,0.0014553575,0.023135824,0.0328799
30,19,4.944338e-05,0.0017562301,0.024820494,0.03386302
31,19,6.683414e-05,0.0020972742,0.02652399,0.03481262
32,19,8.8754234e-05,0.0024785157,0.028233888,0.03572568
33,19,0.00011579234,0.0028986218,0.029936848,0.03659916
34,19,0.00014841284,0.003354713,0.031618796,0.037430096
35,19,0.00018688035,0.0038422334,0.033265077,0.038215578
36,19,0.00023118341,0.0043548895,0.03486067,0.038952794
37,19,0.0002809634,0.00488468,0.036390428,0.03963904
38,19,0.00033546262,0.0054220185,0.037839275,0.040271763
39,19,0.00039349444,0.0059559667,0.039192475,0.040848553
40,19,0.00045345476,0.00647456,0.040435888,0.041367184
41,19,0.0005133689,0.006965228,0.04155618,0.041825633
42,19,0.0005709868,0.0074152835,0.042541094,0.042222075
43,19,0.0006239119,0.007812458,0.043379664,0.042554937
44,19,0.0006697624,0.008145457,0.044062402,0.042822864
45,19,0.0007063486,0.008404485,0.044581495,0.04302478
46,19,0.0007318427,0.008581729,0.04493095,0.043159842
47,19,0.0007449331,0.0086717475,0.045106705,0.04322752
48,19,0.0007449331,0.0086717475,0.0451067,0.04322752
49,19,0.00073184306,0.008581729,0.04493095,0.043159842
50,19,0.00070634834,0.008404485,0.044581495,0.043024775
51,19,0.0006697624,0.008145457,0.044062402,0.042822868
52,19,0.0006239119,0.007812458,0.04337966,0.042554937
53,19,0.00057098654,0.0074152835,0.04254109,0.042222075
54,19,0.0005133689,0.0069652284,0.041556176,0.041825633
55,19,0.00045345476,0.0064745606,0.040435884,0.041367184
56,19,0.00039349464,0.0059559676,0.03919247,0.040848553
57,19,0.0003354623,0.0054220185,0.03783927,0.040271763
58,19,0.0002809634,0.0048846803,0.036390428,0.03963904
59,19,0.00023118341,0.00435489,0.034860667,0.03895279
60,19,0.00018688053,0.0038422337,0.033265073,0.038215574
61,19,0.00014841271,0.0033547136,0.031618793,0.037430096
62,19,0.00011579234,0.0028986223,0.029936848,0.036599163
63,19,8.8754234e-05,0.002478516,0.028233888,0.03572568
64,19,6.683408e-05,0.0020972744,0.02652399,0.03481262
65,19,4.944338e-05,0.0017562305,0.024820494,0.03386302
66,19,3.5935132e-05,0.0014553578,0.023135824,0.0328799
67,19,2.5658472e-05,0.0011934916,0.021481374,0.031866316
68,19,1.7998736e-05,0.00096856663,0.019867403,0.030825276
69,19,1.2403805e-05,0.0007778563,0.01830295,0.02975976
70,19,8.397854e-06,0.0006181988,0.016795803,0.028672662
71,19,5.5857595e-06,0.00048619995,0.015352473,0.027566804
72,19,3.6500278e-06,0.00037840664,0.013978194,0.026444895
73,19,2.343209e-06,0.00029144637,0.012676964,0.025309522
74,19,1.4778377e-06,0.0002221333,0.011451582,0.024163133
75,19,9.1567574e-07,0.00016754161,0.010303715,0.02300802
76,19,5.5739e-07,0.00012505028,0.009233983,0.021846313
77,19,3.3333183e-07,9.236307e-05,0.008242039,0.020679964
78,19,1.9583686e-07,6.750916e-05,0.007326676,0.01951074
79,19,1.130349e-07,4.882883e-05,0.0064859195,0.018340223
80,19,6.4096156e-08,3.4949266e-05,0.0057171336,0.01716979
81,19,3.570688e-08,2.4754052e-05,0.0050171213,0.01600063
82,19,1.9542183e-08,1.7350005e-05,0.004382221,0.014833738
83,19,1.05073275e-08,1.2033604e-05,0.0038083985,0.013669902
84,19,5.5502745e-09,8.259074e-06,0.0032913298,0.012509734
85,19,2.8802958e-09,5.609186e-06,0.0028264779,0.011353654
86,19,1.4684479e-09,3.7695154e-06,0.0024091569,0.010201907
87,19,7.354977e-10,2.506391e-06,0.0020345876,0.009054574
88,19,3.619147e-10,1.6484851e-06,0.0016979441,0.00791158
89,19,1.749571e-10,1.0717994e-06,0.001394388,0.0067727077
90,19,8.309119e-11,6.876601e-07,0.0011190936,0.005637615
91,19,3.8768707e-11,4.332923e-07,0.0008672648,0.004505847
92,19,1.777088e-11,2.6452165e-07,0.0006341437,0.0033768544
93,19,8.002679e-12,1.5016762e-07,0.00041501125,0.0022500115
94,19,3.5404748e-12,6.7729864e-08,0.00020518298,0.0011246343
95,19,0.0,0.0,0.0,0.0
0,20,0.0,0.0,0.0,0.0
1,20,5.8162845e-12,9.1036426e-08,0.00022900733,0.0011844424
2,20,1.3146735e-11,2.0182058e-07,0.00046319768,0.002369667
3,20,2.9193797e-11,3.5545327e-07,0.00070776907,0.003556435
4,20,6.3689026e-11,5.8213146e-07,0.00096794806,0.0047454666
5,20,1.3650203e-10,9.23689e-07,0.0012489997,0.0059374217
6,20,2.874181e-10,1.4393783e-06,0.0015562326,0.007132877
7,20,5.945527e-10,2.2133795e-06,0.0018949972,0.008332313
8,20,1.208274e-09,3.3645754e-06,0.0022706771,0.009536089
9,20,2.4123632e-09,5.059171e-06,0.0026886703,0.010744435
10,20,4.731735e-09,7.526761e-06,0.003154361,0.011957428
11,20,9.1179615e-09,1.1080421e-05,0.003673079,0.013174985
12,20,1.7261415e-08,1.6141332e-05,0.004250052,0.014396845
13,20,3.2103735e-08,2.3268278e-05,0.0048903404,0.015622566
14,20,5.8659072e-08,3.319206e-05,0.0055987677,0.016851509
15,20,1.0529683e-07,4.6854515e-05,0.0063798325,0.018082837
16,20,1.856935e-07,6.545118e-05,0.007237619,0.019315502
17,20,3.2172008e-07,9.0476104e-05,0.008175692,0.02054826
18,20,5.475958e-07,0.00012376613,0.009196989,0.021779653
19,20,9.1567836e-07,0.00016754158,0.010303712,0.023008017
20,20,1.5042716e-06,0.00022443854,0.011497209,0.02423149
21,20,2.427784e-06,0.0002975277,0.01277786,0.02544802
22,20,3.849415e-06,0.00039031357,0.014144975,0.026655363
23,20,5.996252e-06,0.00050670747,0.015596692,0.0278511
24,20,9.176248e-06,0.0006509674,0.017129885,0.029032659
25,20,1.3795964e-05,0.00082759996,0.018740097,0.030197311
26,20,2.0376925e-05,0.0010412188,0.020421483,0.031342205
27,20,2.9568286e-05,0.001296357,0.022166781,0.03246437
28,20,4.2151565e-05,0.0015972368,0.023967305,0.033560753
29,20,5.90341e-05,0.0019474969,0.025812965,0.03462822
30,20,8.12254e-05,0.0023498917,0.02769232,0.035663605
31,20,0.000109794775,0.002805971,0.029592661,0.036663696
32,20,0.000145805,0.003315763,0.031500123,0.03762529
33,20,0.00019022306,0.003877479,0.03339984,0.038545206
34,20,0.00024381209,0.004487264,0.035276096,0.039420318
35,20,0.00030700635,0.005139023,0.03711255,0.040247556
36,20,0.0003797871,0.005824342,0.03889246,0.041023962
37,20,0.00046156565,0.0065325224,0.040598907,0.04174669
38,20,0.0005510965,0.0072507546,0.042215094,0.042413045
39,20,0.0006464306,0.00796442,0.043724585,0.043020498
40,20,0.00074493344,0.008657531,0.045111593,0.043566704
41,20,0.0008433602,0.009313293,0.046361264,0.044049516
42,20,0.00093801465,0.009914758,0.04745992,0.04446704
43,20,0.0010249597,0.010445537,0.048395324,0.04481759
44,20,0.0011002827,0.010890542,0.0491569,0.04509976
45,20,0.0011603864,0.011236689,0.049735934,0.04531241
46,20,0.0012022674,0.011473542,0.050125744,0.04545466
47,20,0.0012237722,0.011593834,0.050321788,0.04552593
48,20,0.0012237722,0.011593834,0.050321788,0.045525927
49,20,0.0012022685,0.011473542,0.05012574,0.04545466
50,20,0.0011603859,0.011236689,0.049735934,0.04531241
51,20,0.0011002827,0.010890542,0.0491569,0.045099765
52,20,0.0010249597,0.010445537,0.048395324,0.044817593
53,20,0.0009380142,0.009914759,0.047459915,0.04446704
54,20,0.0008433602,0.009313294,0.046361264,0.044049516
55,20,0.00074493344,0.008657532,0.045111593,0.043566704
56,20,0.00064643123,0.00796442,0.04372458,0.043020498
57,20,0.0005510963,0.007250755,0.042215094,0.042413045
58,20,0.00046156565,0.006532523,0.040598907,0.04174669
59,20,0.0003797871,0.0058243424,0.038892455,0.04102396
60,20,0.00030700635,0.005139024,0.03711255,0.040247556
61,20,0.00024381185,0.0044872644,0.035276093,0.039420318
62,20,0.00019022306,0.0038774794,0.03339984,0.038545206
63,20,0.000145805,0.0033157635,0.031500123,0.03762529
64,20,0.00010979467,0.0028059713,0.029592661,0.036663696
65,20,8.12254e-05,0.002349892,0.02769232,0.03566361
66,20,5.90341e-05,0.0019474974,0.025812965,0.034628224
67,20,4.2151605e-05,0.0015972371,0.023967305,0.033560753
68,20,2.956823e-05,0.0012963574,0.022166783,0.032464366
69,20,2.0376925e-05,0.001041219,0.020421484,0.031342205
70,20,1.3795964e-05,0.0008276001,0.018740099,0.030197311
71,20,9.176256e-06,0.0006509675,0.017129887,0.02903266
72,20,5.996252e-06,0.0005067075,0.015596694,0.027851103
73,20,3.849415e-06,0.00039031365,0.0141449785,0.026655365
74,20,2.427784e-06,0.00029752776,0.012777862,0.025448024
75,20,1.5042688e-06,0.00022443858,0.011497211,0.024231495
76,20,9.1567836e-07,0.00016754161,0.010303715,0.02300802
77,20,5.475958e-07,0.00012376616,0.009196992,0.021779656
78,20,3.2172008e-07,9.047612e-05,0.008175693,0.020548265
79,20,1.8569314e-07,6.54512e-05,0.007237621,0.019315507
80,20,1.0529683e-07,4.6854526e-05,0.006379835,0.01808284
81,20,5.8659072e-08,3.3192067e-05,0.0055987695,0.016851513
82,20,3.2103795e-08,2.3268283e-05,0.0048903422,0.015622571
83,20,1.7261415e-08,1.6141335e-05,0.0042500533,0.01439685
84,20,9.1179615e-09,1.1080423e-05,0.0036730804,0.013174988
85,20,4.731735e-09,7.5267626e-06,0.003154362,0.011957432
86,20,2.4123585e-09,5.0591725e-06,0.0026886717,0.0107444385
87,20,1.208274e-09,3.3645763e-06,0.0022706783,0.009536093
88,20,5.945527e-10,2.2133802e-06,0.0018949981,0.008332316
89,20,2.8741862e-10,1.4393787e-06,0.0015562333,0.0071328804
90,20,1.3650203e-10,9.2368924e-07,0.0012490004,0.005937424
91,20,6.3689026e-11,5.8213163e-07,0.0009679486,0.004745469
92,20,2.9193797e-11,3.5545338e-07,0.0007077695,0.0035564364
93,20,1.314676e-11,2.0182063e-07,0.00046319794,0.0023696679
94,20,5.8162737e-12,9.103645e-08,0.00022900746,0.0011844429
95,20,0.0,0.0,0.0,0.0
0,21,0.0,0.0,0.0,0.0
1,21,9.387057e-12,1.2107469e-07,0.00025457822,0.0012439119
2,21,2.1217864e-11,2.6838572e-07,0.0005149163,0.0024886453
3,21,4.7116828e-11,4.7261898e-07,0.0007867909,0.003734999
4,21,1.0278962e-10,7.738759e-07,0.0010760102,0.0049837306
5,21,2.2030511e-10,1.2276969e-06,0.0013884249,0.006235531
6,21,4.638717e-10,1.912727e-06,0.0017299344,0.007491008
7,21,9.595644e-10,2.940672e-06,0.002106484,0.008750664
8,21,1.9500621e-09,4.469251e-06,0.0025240565,0.010014878
9,21,3.893377e-09,6.7189185e-06,0.0029886488,0.011283889
10,21,7.636673e-09,9.994143e-06,0.0035062442,0.012557782
11,21,1.47157495e-08,1.4710018e-05,0.0040827645,0.013836465
12,21,2.785866e-08,2.1424861e-05,0.004724018,0.015119669
13,21,5.1813075e-08,3.0879248e-05,0.0054356265,0.016406925
14,21,9.467162e-08,4.404156e-05,0.0062229484,0.017697563
15,21,1.6994152e-07,6.215958e-05,0.0070909816,0.018990705
16,21,2.9969567e-07,8.6816945e-05,0.008044262,0.020285252
17,21,5.192331e-07,0.00011999229,0.009086749,0.021579895
18,21,8.837803e-07,0.00016411791,0.010221708,0.022873104
19,21,1.4778377e-06,0.00022213325,0.011451579,0.024163129
20,21,2.427784e-06,0.0002975277,0.012777859,0.02544802
21,21,3.918269e-06,0.00039436517,0.014200972,0.026725614
22,21,6.212679e-06,0.00051728304,0.01572015,0.027993562
23,21,9.677511e-06,0.00067145564,0.017333314,0.029249322
24,21,1.4809791e-05,0.0008625156,0.019036993,0.030490186
25,21,2.2265696e-05,0.001096423,0.02082624,0.031713296
26,21,3.2886863e-05,0.0013792777,0.02269455,0.032915656
27,21,4.7721045e-05,0.0017170723,0.024633858,0.034094147
28,21,6.80296e-05,0.0021153863,0.026634509,0.03524556
29,21,9.527671e-05,0.002579026,0.028685294,0.03636661
30,21,0.00013109196,0.0031116267,0.0307735,0.03745396
31,21,0.00017720072,0.0037152306,0.032885008,0.038504247
32,21,0.00023531879,0.004389866,0.035004415,0.039514102
33,21,0.00030700635,0.005133156,0.037115186,0.040480193
34,21,0.00039349482,0.005939996,0.03919988,0.04139922
35,21,0.0004954857,0.0068023154,0.041240346,0.04226798
36,21,0.0006129488,0.0077089793,0.043217964,0.04308335
37,21,0.00074493344,0.008645834,0.045113955,0.043842353
38,21,0.00088942976,0.009595938,0.046909645,0.04454215
39,21,0.0010432926,0.0105399545,0.04858678,0.04518009
40,21,0.0012022685,0.011456743,0.05012783,0.045753703
41,21,0.0013611221,0.0123240985,0.05151628,0.046260756
42,21,0.0015138875,0.01311961,0.052736938,0.046699226
43,21,0.0016542106,0.01382161,0.05377622,0.047067374
44,21,0.0017757764,0.014410154,0.054622363,0.047363706
45,21,0.0018727795,0.014867946,0.0552657,0.04758702
46,21,0.0019403732,0.015181188,0.05569879,0.047736414
47,21,0.0019750805,0.015340275,0.055916607,0.04781126
48,21,0.0019750805,0.015340275,0.055916607,0.04781126
49,21,0.0019403741,0.015181188,0.05569879,0.047736414
50,21,0.0018727785,0.014867946,0.0552657,0.047587026
51,21,0.0017757764,0.014410154,0.054622363,0.047363706
52,21,0.0016542106,0.01382161,0.05377622,0.047067374
53,21,0.0015138868,0.01311961,0.052736938,0.046699226
54,21,0.0013611221,0.012324099,0.05151628,0.04626075
55,21,0.0012022685,0.011456745,0.050127827,0.045753703
56,21,0.001043293,0.010539955,0.04858678,0.04518009
57,21,0.00088942895,0.009595939,0.046909645,0.04454215
58,21,0.00074493344,0.008645835,0.045113955,0.04384235
59,21,0.0006129488,0.00770898,0.04321796,0.043083347
60,21,0.0004954862,0.006802316,0.041240342,0.04226798
61,21,0.00039349464,0.0059399963,0.03919988,0.04139922
62,21,0.00030700635,0.005133157,0.037115186,0.04048019
63,21,0.00023531879,0.0043898663,0.035004415,0.039514102
64,21,0.00017720072,0.0037152313,0.032885008,0.038504247
65,21,0.00013109196,0.0031116274,0.0307735,0.037453964
66,21,9.527671e-05,0.0025790264,0.028685294,0.03636661
67,21,6.802966e-05,0.0021153865,0.02663451,0.03524556
68,21,4.7720998e-05,0.0017170727,0.02463386,0.034094147
69,21,3.2886863e-05,0.0013792779,0.022694552,0.032915656
70,21,2.2265696e-05,0.001096423,0.020826241,0.031713296
71,21,1.4809819e-05,0.0008625157,0.019036997,0.030490186
72,21,9.677511e-06,0.0006714557,0.017333316,0.029249322
73,21,6.212679e-06,0.0005172831,0.015720151,0.027993564
74,21,3.918269e-06,0.00039436526,0.014200976,0.02672562
75,21,2.4277795e-06,0.00029752776,0.012777862,0.025448024
76,21,1.4778377e-06,0.0002221333,0.0114515815,0.024163134
77,21,8.837803e-07,0.00016411794,0.0102217095,0.02287311
78,21,5.192331e-07,0.00011999232,0.009086751,0.021579903
79,21,2.996954e-07,8.6816966e-05,0.008044264,0.02028526
80,21,1.6994152e-07,6.21596e-05,0.0070909834,0.01899071
81,21,9.467162e-08,4.4041575e-05,0.0062229503,0.017697569
82,21,5.1813174e-08,3.087926e-05,0.0054356284,0.016406931
83,21,2.785866e-08,2.1424867e-05,0.004724019,0.015119675
84,21,1.47157495e-08,1.4710023e-05,0.0040827664,0.01383647
85,21,7.636673e-09,9.994145e-06,0.0035062458,0.012557786
86,21,3.8933696e-09,6.7189203e-06,0.0029886505,0.011283893
87,21,1.9500621e-09,4.469252e-06,0.0025240576,0.010014881
88,21,9.595644e-10,2.9406724e-06,0.002106485,0.008750667
89,21,4.6387258e-10,1.9127276e-06,0.0017299352,0.007491011
90,21,2.2030384e-10,1.2276971e-06,0.0013884256,0.006235534
91,21,1.0278962e-10,7.738761e-07,0.0010760108,0.004983733
92,21,4.7116828e-11,4.7261906e-07,0.0007867913,0.0037350007
93,21,2.1217906e-11,2.6838578e-07,0.0005149166,0.0024886462
94,21,9.387039e-12,1.210747e-07,0.00025457836,0.0012439124
95,21,0.0,0.0,0.0,0.0
0,22,0.0,0.0,0.0,0.0
1,22,1.4883825e-11,1.5932932e-07,0.00028188227,0.0013029329
2,22,3.364232e-11,3.5314997e-07,0.00057014026,0.0026067258
3,22,7.470669e-11,6.217961e-07,0.000871168,0.0039122165
4,22,1.629797e-10,1.0179647e-06,0.0011913945,0.0052201967
5,22,3.4930692e-10,1.6146217e-06,0.0015372961,0.0065313918
6,22,7.354991e-10,2.5150612e-06,0.0019154022,0.007846436
7,22,1.5214526e-09,3.865966e-06,0.002332294,0.009165858
8,22,3.0919576e-09,5.8743954e-06,0.002794592,0.010490054
9,22,6.173206e-09,8.829709e-06,0.0033089344,0.011819274
10,22,1.2108448e-08,1.3131463e-05,0.0038819422,0.013153605
11,22,2.3332788e-08,1.9324278e-05,0.0045201704,0.014492955
12,22,4.417174e-08,2.8140556e-05,0.005230045,0.015837036
13,22,8.2153036e-08,4.05516e-05,0.006017789,0.017185364
14,22,1.5010808e-07,5.7827274e-05,0.0068893298,0.018537233
15,22,2.6945372e-07,8.1603524e-05,0.007850199,0.019891722
16,22,4.7518722e-07,0.00011395628,0.008905415,0.021247681
17,22,8.2327824e-07,0.0001574788,0.010059359,0.022603745
18,22,1.4012904e-06,0.00021535839,0.011315641,0.023958297
19,22,2.343209e-06,0.0002914463,0.012676962,0.02530952
20,22,3.849415e-06,0.00039031357,0.014144976,0.026655361
21,22,6.212679e-06,0.00051728304,0.015720148,0.027993562
22,22,9.8506025e-06,0.0006784272,0.017401626,0.029321654
23,22,1.5344316e-05,0.0008805214,0.019187111,0.03063698
24,22,2.348192e-05,0.0011309391,0.021072762,0.031936705
25,22,3.5303692e-05,0.0014374809,0.023053091,0.03321783
26,22,5.2144234e-05,0.0018081293,0.025120908,0.034477223
27,22,7.566485e-05,0.0022507245,0.027267283,0.03571161
28,22,0.0001078654,0.002772563,0.029481528,0.036917634
29,22,0.00015106749,0.0033799289,0.031751234,0.038091857
30,22,0.00020785474,0.0040775714,0.03406234,0.03923078
31,22,0.00028096366,0.0048681526,0.03639921,0.04033088
32,22,0.00037311323,0.0057516973,0.03874481,0.041388635
33,22,0.00048677853,0.0067250854,0.04108084,0.042400543
34,22,0.0006239119,0.00778162,0.04338799,0.043363165
35,22,0.00078562525,0.008910732,0.04564617,0.044273123
36,22,0.0009718706,0.010097834,0.047834788,0.045127165
37,22,0.0011811404,0.011324401,0.049933057,0.045922168
38,22,0.0014102494,0.012568248,0.051920317,0.046655156
39,22,0.0016542083,0.013804069,0.05377637,0.04732335
40,22,0.0019062759,0.015004199,0.055481806,0.047924172
41,22,0.0021581477,0.016139574,0.057018362,0.048455264
42,22,0.0024003682,0.017180871,0.058369223,0.048914533
43,22,0.0026228598,0.018099744,0.059519354,0.049300138
44,22,0.0028156103,0.018870091,0.06045575,0.04961052
45,22,0.0029694152,0.019469287,0.061167702,0.049844433
46,22,0.0030765878,0.01987928,0.061646983,0.050000906
47,22,0.0031316185,0.020087501,0.06188803,0.0500793
48,22,0.0031316185,0.020087501,0.06188803,0.0500793
49,22,0.0030765894,0.01987928,0.061646987,0.050000906
50,22,0.0029694121,0.019469287,0.061167702,0.049844433
51,22,0.0028156103,0.018870093,0.06045575,0.04961052
52,22,0.0026228598,0.018099744,0.059519354,0.049300134
53,22,0.0024003682,0.017180871,0.058369223,0.04891453
54,22,0.0021581477,0.016139574,0.057018362,0.04845526
55,22,0.0019062759,0.0150042,0.055481806,0.047924165
56,22,0.0016542091,0.013804071,0.05377637,0.04732335
57,22,0.0014102481,0.012568248,0.05192032,0.046655156
58,22,0.0011811404,0.011324403,0.049933057,0.045922164
59,22,0.0009718706,0.010097835,0.047834788,0.04512716
60,22,0.000785626,0.008910732,0.045646165,0.04427312
61,22,0.0006239113,0.0077816206,0.043387987,0.043363158
62,22,0.00048677853,0.0067250864,0.04108084,0.042400543
63,22,0.00037311323,0.0057516983,0.03874481,0.041388635
64,22,0.0002809634,0.004868153,0.036399215,0.040330883
65,22,0.00020785474,0.0040775724,0.03406234,0.039230783
66,22,0.00015106749,0.0033799296,0.031751238,0.03809186
67,22,0.000107865504,0.0027725634,0.02948153,0.036917638
68,22,7.5664786e-05,0.0022507247,0.027267285,0.03571161
69,22,5.2144234e-05,0.0018081296,0.02512091,0.034477223
70,22,3.5303692e-05,0.0014374811,0.023053093,0.03321783
71,22,2.3481942e-05,0.0011309392,0.021072764,0.031936705
72,22,1.5344316e-05,0.00088052155,0.019187115,0.030636977
73,22,9.8506025e-06,0.0006784273,0.01740163,0.029321654
74,22,6.212679e-06,0.0005172831,0.015720151,0.027993564
75,22,3.849404e-06,0.00039031368,0.0141449785,0.026655367
76,22,2.343209e-06,0.00029144637,0.0126769645,0.025309525
77,22,1.4012904e-06,0.00021535842,0.011315644,0.023958303
78,22,8.2327824e-07,0.00015747883,0.010059362,0.022603747
79,22,4.7518722e-07,0.0001139563,0.008905418,0.021247689
80,22,2.6945372e-07,8.1603546e-05,0.007850202,0.019891726
81,22,1.5010808e-07,5.782729e-05,0.006889332,0.018537238
82,22,8.215319e-08,4.0551615e-05,0.006017791,0.01718537
83,22,4.417174e-08,2.8140565e-05,0.005230047,0.015837042
84,22,2.3332788e-08,1.9324285e-05,0.004520172,0.01449296
85,22,1.2108448e-08,1.3131467e-05,0.0038819439,0.01315361
86,22,6.173206e-09,8.829712e-06,0.003308936,0.011819278
87,22,3.0919576e-09,5.8743967e-06,0.002794593,0.010490058
88,22,1.5214526e-09,3.865967e-06,0.0023322948,0.009165862
89,22,7.355019e-10,2.5150619e-06,0.0019154032,0.00784644
90,22,3.4930625e-10,1.6146222e-06,0.0015372969,0.0065313946
91,22,1.629797e-10,1.017965e-06,0.0011913951,0.005220199
92,22,7.470669e-11,6.217963e-07,0.0008711684,0.0039122184
93,22,3.3642384e-11,3.5315006e-07,0.00057014055,0.0026067272
94,22,1.4883796e-11,1.5932935e-07,0.00028188244,0.0013029336
95,22,0.0,0.0,0.0,0.0
0,23,0.0,0.0,0.0,0.0
1,23,2.3184583e-11,2.0746424e-07,0.00031088287,0.0013613871
2,23,5.2404754e-11,4.597967e-07,0.00062879524,0.002723673
3,23,1.1637086e-10,8.094578e-07,0.00096078694,0.0040877317
4,23,2.53874e-10,1.324971e-06,0.0013139462,0.0054543926
5,23,5.441176e-10,2.1011922e-06,0.0016954134,0.006824411
6,23,1.1456915e-09,3.2723726e-06,0.002112387,0.008198452
7,23,2.3699762e-09,5.029112e-06,0.0025721223,0.009577066
8,23,4.8163527e-09,7.640409e-06,0.003081919,0.010960666
9,23,9.6160235e-09,1.1482107e-05,0.0036490944,0.012349516
10,23,1.886137e-08,1.707308e-05,0.0042809476,0.013743706
11,23,3.634556e-08,2.5120456e-05,0.0049847043,0.015143137
12,23,6.8806465e-08,3.6575006e-05,0.0057674483,0.016547514
13,23,1.2797005e-07,5.26974e-05,0.0066360384,0.017956324
14,23,2.3382385e-07,7.5135526e-05,0.007597009,0.019368835
15,23,4.1972896e-07,0.000106012005,0.008656456,0.02078408
16,23,7.4020073e-07,0.00014801981,0.009819911,0.022200864
17,23,1.2824232e-06,0.00020452254,0.011092199,0.02361775
18,23,2.1827948e-06,0.00027965356,0.012477301,0.025033064
19,23,3.6500278e-06,0.00037840655,0.013978192,0.026444893
20,23,5.996252e-06,0.00050670747,0.0155966915,0.0278511
21,23,9.677511e-06,0.00067145564,0.017333314,0.02924932
22,23,1.5344316e-05,0.00088052143,0.019187111,0.030636977
23,23,2.3901915e-05,0.001142684,0.021155557,0.0320113
24,23,3.6577898e-05,0.0014674963,0.023234403,0.03336931
25,23,5.4992677e-05,0.0018650627,0.025417605,0.0347079
26,23,8.122533e-05,0.0023457215,0.027697235,0.036023773
27,23,0.00011786351,0.0029196236,0.030063445,0.037313517
28,23,0.00016802229,0.0035962146,0.032504454,0.038573634
29,23,0.00023531856,0.0043836255,0.035006586,0.039800514
30,23,0.000323776,0.005287996,0.03755433,0.040990513
31,23,0.00043765825,0.0063127615,0.04013046,0.04213995
32,23,0.0005812,0.007457941,0.042716186,0.043245137
33,23,0.00075825694,0.008719476,0.045291346,0.044302426
34,23,0.00097187015,0.01008868,0.047834657,0.04530821
35,23,0.0012237716,0.011551849,0.050323967,0.04625898
36,23,0.0015138868,0.013090075,0.052736584,0.04715132
37,23,0.0018398681,0.014679354,0.055049594,0.04798197
38,23,0.0021967501,0.016290942,0.05724022,0.04874783
39,23,0.002576767,0.017892063,0.0592862,0.04944599
40,23,0.0029694121,0.019446881,0.061166145,0.05007375
41,23,0.003361757,0.020917755,0.06285992,0.05062866
42,23,0.0037390634,0.022266712,0.06434901,0.05110852
43,23,0.0040856376,0.023457041,0.06561682,0.051511418
44,23,0.0043858876,0.024454948,0.06664902,0.051835723
45,23,0.00462547,0.025231129,0.06743381,0.05208012
46,23,0.0047924137,0.025762219,0.06796213,0.05224361
47,23,0.004878135,0.026031941,0.06822784,0.05232552
48,23,0.004878135,0.026031941,0.06822784,0.05232552
49,23,0.004792418,0.025762219,0.06796213,0.05224361
50,23,0.0046254676,0.025231129,0.06743381,0.05208012
51,23,0.0043858876,0.024454948,0.06664902,0.05183572
52,23,0.0040856376,0.023457041,0.06561682,0.051511414
53,23,0.0037390634,0.022266712,0.06434901,0.051108517
54,23,0.003361757,0.020917756,0.06285992,0.05062866
55,23,0.0029694121,0.019446881,0.06116615,0.050073747
56,23,0.0025767693,0.017892065,0.0592862,0.049445987
57,23,0.0021967492,0.016290942,0.05724022,0.048747826
58,23,0.0018398681,0.014679354,0.05504959,0.047981966
59,23,0.0015138868,0.013090077,0.05273658,0.047151316
60,23,0.0012237722,0.01155185,0.050323963,0.046258975
61,23,0.0009718697,0.010088682,0.047834653,0.04530821
62,23,0.00075825694,0.008719478,0.045291346,0.044302426
63,23,0.0005812,0.0074579422,0.042716183,0.043245137
64,23,0.0004376576,0.006312763,0.040130462,0.04213995
65,23,0.000323776,0.0052879965,0.037554335,0.040990513
66,23,0.00023531856,0.004383626,0.03500659,0.039800517
67,23,0.00016802261,0.0035962153,0.032504458,0.03857363
68,23,0.0001178634,0.0029196243,0.030063448,0.03731352
69,23,8.122533e-05,0.002345722,0.027697237,0.03602377
70,23,5.4992677e-05,0.0018650631,0.025417607,0.0347079
71,23,3.6577934e-05,0.0014674964,0.023234405,0.03336931
72,23,2.3901915e-05,0.0011426841,0.021155559,0.032011297
73,23,1.5344316e-05,0.0008805216,0.019187115,0.030636977
74,23,9.677511e-06,0.00067145575,0.017333318,0.029249322
75,23,5.996235e-06,0.0005067075,0.015596695,0.027851103
76,23,3.6500278e-06,0.00037840664,0.013978195,0.026444899
77,23,2.1827948e-06,0.0002796536,0.012477304,0.02503307
78,23,1.2824232e-06,0.00020452258,0.011092203,0.023617756
79,23,7.4020073e-07,0.00014801984,0.009819914,0.02220087
80,23,4.1972896e-07,0.00010601203,0.008656459,0.020784086
81,23,2.3382385e-07,7.513555e-05,0.007597012,0.01936884
82,23,1.2797031e-07,5.2697418e-05,0.0066360408,0.017956331
83,23,6.8806465e-08,3.6575017e-05,0.0057674507,0.01654752
84,23,3.634556e-08,2.5120466e-05,0.004984706,0.015143143
85,23,1.886137e-08,1.7073085e-05,0.00428095,0.013743711
86,23,9.6160235e-09,1.14821105e-05,0.003649096,0.012349521
87,23,4.8163527e-09,7.640411e-06,0.00308192,0.010960671
88,23,2.3699762e-09,5.0291137e-06,0.0025721234,0.009577069
89,23,1.1456938e-09,3.2723735e-06,0.0021123881,0.008198456
90,23,5.441155e-10,2.1011926e-06,0.0016954143,0.0068244142
91,23,2.53874e-10,1.3249713e-06,0.0013139469,0.0054543954
92,23,1.1637086e-10,8.094579e-07,0.00096078747,0.004087734
93,23,5.2404955e-11,4.5979678e-07,0.0006287956,0.002723674
94,23,2.318454e-11,2.0746428e-07,0.00031088304,0.0013613877
95,23,0.0,0.0,0.0,0.0
0,24,0.0,0.0,0.0,0.0
1,24,3.5480074e-11,2.6729882e-07,0.00034151803,0.0014191485
2,24,8.0196745e-11,5.923527e-07,0.0006907561,0.0028392337
3,24,1.7808655e-10,1.0426792e-06,0.0010554563,0.0042611677
4,24,3.8851114e-10,1.7064486e-06,0.0014434034,0.0056858123
5,24,8.3268126e-10,2.7056847e-06,0.0018624384,0.007113958
6,24,1.7532867e-09,4.213049e-06,0.002320467,0.008546295
7,24,3.6268468e-09,6.473623e-06,0.0028254562,0.009983398
8,24,7.370625e-09,9.8332275e-06,0.0033854223,0.0114257
9,24,1.4715721e-08,1.4774948e-05,0.0040084007,0.012873474
10,24,2.8864182e-08,2.1965589e-05,0.0047024055,0.014326812
11,24,5.562072e-08,3.231372e-05,0.0054753707,0.015785614
12,24,1.0529683e-07,4.7040747e-05,0.006335076,0.01724957
13,24,1.9583668e-07,6.7765905e-05,0.00728905,0.018718146
14,24,3.5782847e-07,9.660545e-05,0.008344468,0.020190576
15,24,6.42324e-07,0.00013628481,0.009508022,0.02166586
16,24,1.1327538e-06,0.00019026123,0.010785783,0.023142744
17,24,1.9625352e-06,0.00026285218,0.01218305,0.024619736
18,24,3.3404037e-06,0.00035936246,0.01370419,0.026095085
19,24,5.585754e-06,0.0004861999,0.01535247,0.027566802
20,24,9.176248e-06,0.00065096735,0.017129885,0.029032657
21,24,1.4809791e-05,0.0008625156,0.019036995,0.030490186
22,24,2.348192e-05,0.001130939,0.021072762,0.0319367
23,24,3.6577898e-05,0.0014674963,0.023234403,0.033369314
24,24,5.5976325e-05,0.001884436,0.025517259,0.03478493
25,24,8.415713e-05,0.0023947118,0.027914686,0.03618029
26,24,0.00012430183,0.0030115743,0.030417977,0.037551973
27,24,0.00018037029,0.0037480327,0.033016313,0.038896423
28,24,0.00025713013,0.004616186,0.035696767,0.040209983
29,24,0.00036011552,0.0056264484,0.038444314,0.0414889
30,24,0.00049548526,0.0067866766,0.04124192,0.042729367
31,24,0.0006697624,0.008101258,0.04407068,0.04392755
32,24,0.00088942895,0.0095702,0.04690995,0.045079608
33,24,0.0011603859,0.011188282,0.049737606,0.046181735
34,24,0.0014872847,0.012944349,0.05253027,0.047230177
35,24,0.0018727777,0.014820816,0.055263624,0.04822126
36,24,0.0023167494,0.016793435,0.057912752,0.049151447
37,24,0.0028156103,0.018831415,0.060452495,0.050017323
38,24,0.0033617585,0.02089791,0.062857844,0.050815664
39,24,0.0039433124,0.022950897,0.06510436,0.05154343
40,24,0.0045441906,0.024944436,0.067168556,0.052197814
41,24,0.0051446063,0.02683028,0.06902834,0.052776255
42,24,0.005722008,0.028559763,0.070663355,0.05327647
43,24,0.0062523843,0.030085834,0.07205541,0.053696454
44,24,0.006711864,0.03136518,0.07318877,0.054034512
45,24,0.007078504,0.032360252,0.07405047,0.05428927
46,24,0.00733399,0.03304111,0.074630566,0.05445969
47,24,0.0074651693,0.03338689,0.07492231,0.05454508
48,24,0.0074651693,0.03338689,0.07492231,0.05454508
49,24,0.00733399,0.03304111,0.074630566,0.054459687
50,24,0.007078504,0.032360252,0.07405047,0.054289266
51,24,0.006711864,0.03136518,0.07318876,0.054034505
52,24,0.0062523843,0.030085834,0.07205541,0.053696446
53,24,0.005722008,0.028559763,0.070663355,0.053276464
54,24,0.0051446063,0.026830282,0.06902834,0.05277625
55,24,0.0045441906,0.024944436,0.067168556,0.052197807
56,24,0.0039433143,0.022950899,0.06510436,0.051543426
57,24,0.0033617585,0.02089791,0.062857844,0.05081566
58,24,0.0028156103,0.018831415,0.06045249,0.05001732
59,24,0.0023167494,0.016793435,0.05791275,0.049151447
60,24,0.0018727785,0.014820817,0.055263624,0.048221264
61,24,0.001487284,0.012944352,0.05253027,0.047230177
62,24,0.0011603859,0.011188284,0.049737606,0.046181735
63,24,0.00088942895,0.009570202,0.046909954,0.04507961
64,24,0.0006697621,0.008101259,0.044070683,0.04392755
65,24,0.00049548526,0.0067866775,0.041241925,0.042729367
66,24,0.00036011552,0.0056264494,0.038444318,0.041488897
67,24,0.00025713036,0.004616187,0.03569677,0.04020998
68,24,0.00018037012,0.0037480332,0.033016317,0.03889642
69,24,0.00012430183,0.003011575,0.030417979,0.037551973
70,24,8.415713e-05,0.002394712,0.027914688,0.036180288
71,24,5.597638e-05,0.0018844361,0.02551726,0.034784928
72,24,3.6577898e-05,0.0014674964,0.023234406,0.033369314
73,24,2.348192e-05,0.0011309392,0.021072766,0.031936705
74,24,1.4809791e-05,0.0008625158,0.019036999,0.030490188
75,24,9.176239e-06,0.00065096753,0.017129889,0.02903266
76,24,5.585754e-06,0.00048619998,0.015352474,0.027566805
77,24,3.3404037e-06,0.00035936252,0.013704194,0.026095089
78,24,1.9625352e-06,0.00026285223,0.012183053,0.024619741
79,24,1.1327517e-06,0.00019026126,0.0107857855,0.023142751
80,24,6.42324e-07,0.00013628483,0.009508025,0.021665866
81,24,3.5782847e-07,9.660547e-05,0.008344471,0.020190584
82,24,1.9583723e-07,6.7765926e-05,0.007289053,0.018718151
83,24,1.0529683e-07,4.7040754e-05,0.0063350783,0.017249575
84,24,5.562072e-08,3.2313732e-05,0.0054753735,0.01578562
85,24,2.8864182e-08,2.1965596e-05,0.004702408,0.014326817
86,24,1.47156936e-08,1.47749515e-05,0.004008402,0.012873479
87,24,7.370625e-09,9.83323e-06,0.0033854237,0.011425706
88,24,3.6268468e-09,6.4736255e-06,0.0028254576,0.009983403
89,24,1.7532901e-09,4.2130505e-06,0.002320468,0.008546299
90,24,8.326797e-10,2.7056853e-06,0.0018624393,0.007113961
91,24,3.8851114e-10,1.706449e-06,0.0014434041,0.005685815
92,24,1.7808655e-10,1.0426794e-06,0.0010554569,0.0042611696
93,24,8.01969e-11,5.923528e-07,0.0006907564,0.0028392351
94,24,3.5480008e-11,2.672989e-07,0.0003415182,0.0014191492
95,24,0.0,0.0,0.0,0.0
0,25,0.0,0.0,0.0,0.0
1,25,5.3342317e-11,3.4076743e-07,0.0003736991,0.001476084
2,25,1.2057112e-10,7.550988e-07,0.00075584336,0.0029531422
3,25,2.677422e-10,1.32898e-06,0.0011549022,0.0044321227
4,25,5.841049e-10,2.1746744e-06,0.0015793912,0.005913923
5,25,1.2518852e-09,3.4475127e-06,0.0020378877,0.007399364
6,25,2.6359641e-09,5.3672384e-06,0.0025390396,0.008889165
7,25,5.452752e-09,8.245696e-06,0.003091562,0.010383921
8,25,1.1081304e-08,1.2522832e-05,0.0037042229,0.011884084
9,25,2.2124226e-08,1.8813102e-05,0.0043858113,0.013389938
10,25,4.339561e-08,2.7964496e-05,0.0051450934,0.0149015775
11,25,8.362266e-08,4.1132258e-05,0.0059907474,0.0164189
12,25,1.5830747e-07,5.9869137e-05,0.0069312803,0.017941583
13,25,2.94429e-07,8.623334e-05,0.007974928,0.01946907
14,25,5.3797413e-07,0.00012291431,0.009129535,0.021000566
15,25,9.656984e-07,0.00017337523,0.0104024215,0.022535026
16,25,1.7030292e-06,0.00024200846,0.011800226,0.024071153
17,25,2.9505568e-06,0.00033429844,0.013328741,0.025607387
18,25,5.0221015e-06,0.00045698273,0.014992743,0.027141912
19,25,8.397854e-06,0.00061819865,0.016795801,0.02867266
20,25,1.3795964e-05,0.00082759996,0.018740097,0.03019731
21,25,2.2265696e-05,0.0010964229,0.02082624,0.031713296
22,25,3.5303692e-05,0.0014374809,0.023053091,0.03321783
23,25,5.4992677e-05,0.0018650629,0.025417605,0.034707896
24,25,8.415713e-05,0.0023947118,0.027914686,0.036180288
25,25,0.00012652532,0.0030428634,0.030537063,0.037631612
26,25,0.00018688035,0.003826326,0.033275206,0.039058305
27,25,0.00027117616,0.0047615976,0.036117293,0.040456675
28,25,0.0003865801,0.0058640214,0.039049167,0.04182291
29,25,0.00054141256,0.007146794,0.042054404,0.04315312
30,25,0.0007449331,0.008619867,0.04511438,0.04444333
31,25,0.001006949,0.010288792,0.048208397,0.045689564
32,25,0.001337205,0.01215355,0.0513139,0.046887822
33,25,0.0017445714,0.014207501,0.054406673,0.048034146
34,25,0.0022360454,0.016436469,0.057461146,0.04912463
35,25,0.0028156117,0.018818121,0.06045074,0.050155457
36,25,0.0034830987,0.021321677,0.06334819,0.051122945
37,25,0.0042331032,0.023908062,0.066126,0.052023545
38,25,0.00505421,0.026530517,0.0687568,0.052853893
39,25,0.005928537,0.02913572,0.07121387,0.053610843
40,25,0.006831925,0.031665396,0.073471524,0.054291464
41,25,0.007734615,0.03405834,0.0755056,0.054893102
42,25,0.008602709,0.03625281,0.07729385,0.055413377
43,25,0.009400099,0.038189135,0.078816354,0.055850197
44,25,0.0100909,0.03981238,0.08005592,0.056201812
45,25,0.010642117,0.04107492,0.08099836,0.056466788
46,25,0.011026225,0.04193877,0.081632815,0.05664404
47,25,0.011223445,0.042377487,0.0819519,0.05673285
48,25,0.011223445,0.042377487,0.0819519,0.05673285
49,25,0.011026225,0.04193877,0.081632815,0.056644037
50,25,0.010642117,0.04107492,0.08099836,0.05646678
51,25,0.0100909,0.039812382,0.080055915,0.05620181
52,25,0.009400099,0.03818914,0.07881635,0.055850193
53,25,0.008602705,0.03625281,0.07729385,0.05541337
54,25,0.007734615,0.03405834,0.0755056,0.0548931
55,25,0.006831925,0.031665392,0.073471524,0.05429146
56,25,0.0059285397,0.02913572,0.07121387,0.053610835
57,25,0.005054205,0.026530515,0.0687568,0.05285389
58,25,0.0042331032,0.023908062,0.066126,0.052023537
59,25,0.0034830987,0.02132168,0.0633482,0.05112294
60,25,0.0028156142,0.018818121,0.06045074,0.050155457
61,25,0.0022360433,0.01643647,0.057461146,0.04912463
62,25,0.0017445714,0.014207503,0.054406673,0.048034146
63,25,0.001337205,0.012153552,0.0513139,0.046887822
64,25,0.0010069481,0.010288793,0.0482084,0.04568956
65,25,0.0007449331,0.008619869,0.045114383,0.044443328
66,25,0.00054141256,0.007146795,0.042054407,0.043153115
67,25,0.00038658048,0.0058640223,0.03904917,0.041822907
68,25,0.00027117593,0.0047615985,0.036117293,0.04045667
69,25,0.00018688035,0.0038263265,0.03327521,0.0390583
70,25,0.00012652532,0.0030428637,0.030537063,0.03763161
71,25,8.415721e-05,0.002394712,0.027914688,0.036180288
72,25,5.4992677e-05,0.0018650631,0.02541761,0.0347079
73,25,3.5303692e-05,0.0014374813,0.023053095,0.03321783
74,25,2.2265696e-05,0.0010964231,0.020826243,0.031713296
75,25,1.3795925e-05,0.00082760013,0.0187401,0.030197311
76,25,8.397854e-06,0.0006181988,0.016795805,0.028672663
77,25,5.0221015e-06,0.00045698276,0.0149927465,0.027141916
78,25,2.9505568e-06,0.0003342985,0.013328744,0.02560739
79,25,1.7030292e-06,0.00024200851,0.011800229,0.024071159
80,25,9.656984e-07,0.00017337527,0.010402425,0.022535032
81,25,5.3797413e-07,0.00012291434,0.009129539,0.021000572
82,25,2.944298e-07,8.6233355e-05,0.007974931,0.019469075
83,25,1.5830747e-07,5.986915e-05,0.006931283,0.017941589
84,25,8.362266e-08,4.113227e-05,0.00599075,0.016418908
85,25,4.339561e-08,2.7964503e-05,0.005145096,0.014901584
86,25,2.2124226e-08,1.8813107e-05,0.004385813,0.013389943
87,25,1.1081304e-08,1.2522835e-05,0.0037042242,0.01188409
88,25,5.452752e-09,8.245699e-06,0.0030915635,0.010383925
89,25,2.635974e-09,5.3672397e-06,0.0025390408,0.0088891685
90,25,1.2518828e-09,3.4475136e-06,0.0020378889,0.007399367
91,25,5.841049e-10,2.1746753e-06,0.0015793919,0.005913926
92,25,2.677422e-10,1.3289803e-06,0.0011549027,0.004432125
93,25,1.2057134e-10,7.55099e-07,0.0007558437,0.0029531438
94,25,5.3342216e-11,3.407675e-07,0.0003736993,0.0014760848
95,25,0.0,0.0,0.0,0.0
0,26,0.0,0.0,0.0,0.0
1,26,7.8787636e-11,4.298602e-07,0.00040730956,0.001532054
2,26,1.7808621e-10,9.524386e-07,0.00082382147,0.0030651188
3,26,3.954604e-10,1.6760941e-06,0.0012587643,0.004600179
4,26,8.627342e-10,2.7422714e-06,0.0017214171,0.0061381655
5,26,1.8490621e-09,4.346632e-06,0.002221126,0.0076799295
6,26,3.8933696e-09,6.765918e-06,0.0027673135,0.009226219
7,26,8.05382e-09,1.0392787e-05,0.003369476,0.010777651
8,26,1.636733e-08,1.5781088e-05,0.0040371655,0.012334695
9,26,3.267797e-08,2.3704231e-05,0.00477996,0.0138976425
10,26,6.409628e-08,3.5229394e-05,0.005607409,0.015466596
11,26,1.2351228e-07,5.1810188e-05,0.006528966,0.017041447
12,26,2.3382364e-07,7.540008e-05,0.007553901,0.01862186
13,26,4.348781e-07,0.00010858801,0.008691185,0.020207256
14,26,7.9459824e-07,0.00015475648,0.009949366,0.021796815
15,26,1.4263552e-06,0.00021826033,0.011336412,0.02338945
16,26,2.5154093e-06,0.00030462217,0.01285956,0.024983812
17,26,4.3580294e-06,0.0004207366,0.014525117,0.026578283
18,26,7.417755e-06,0.00057507236,0.016338285,0.028170982
19,26,1.2403805e-05,0.00077785616,0.018302947,0.02975976
20,26,2.0376925e-05,0.0010412188,0.020421483,0.031342205
21,26,3.2886863e-05,0.0013792777,0.02269455,0.032915656
22,26,5.2144234e-05,0.0018081293,0.02512091,0.03447722
23,26,8.122533e-05,0.0023457215,0.027697235,0.03602377
24,26,0.00012430183,0.0030115747,0.030417979,0.037551973
25,26,0.00018688035,0.0038263262,0.033275206,0.039058305
26,26,0.00027602614,0.004811078,0.03625855,0.04053908
27,26,0.00040053282,0.0059865396,0.03935511,0.041990444
28,26,0.00057098654,0.0073719635,0.04254948,0.04340847
29,26,0.0007996772,0.008983904,0.045823745,0.044789094
30,26,0.0011002816,0.010834839,0.049157627,0.046128206
31,26,0.001487284,0.012931712,0.05252857,0.04742167
32,26,0.0019750786,0.015274479,0.05591201,0.048665345
33,26,0.0025767693,0.017854769,0.059281558,0.049855113
34,26,0.0033026855,0.020654762,0.06260936,0.050986927
35,26,0.004158715,0.02364639,0.065866455,0.052056823
36,26,0.0051446063,0.026790982,0.069023155,0.053060975
37,26,0.0062523843,0.03003946,0.07204948,0.053995702
38,26,0.0074651693,0.033333097,0.07491565,0.054857526
39,26,0.008756576,0.03660494,0.07759253,0.055643156
40,26,0.010090889,0.03978182,0.080052145,0.056349576
41,26,0.011424187,0.042786893,0.08226817,0.056974016
42,26,0.012706379,0.04554265,0.08421637,0.057514004
43,26,0.013884134,0.047974184,0.08587506,0.057967383
44,26,0.014904467,0.05001252,0.08722549,0.05833232
45,26,0.015718628,0.051597897,0.08825224,0.058607336
46,26,0.016285963,0.052682627,0.08894344,0.05879131
47,26,0.01657726,0.05323351,0.08929106,0.058883484
48,26,0.01657726,0.05323351,0.08929106,0.05888348
49,26,0.016285963,0.052682627,0.08894344,0.058791306
50,26,0.015718628,0.051597897,0.08825224,0.058607332
51,26,0.014904467,0.050012525,0.08722549,0.058332313
52,26,0.013884134,0.04797418,0.08587505,0.057967376
53,26,0.012706373,0.045542654,0.084216364,0.057513997
54,26,0.011424187,0.042786893,0.08226816,0.05697401
55,26,0.010090889,0.03978182,0.08005214,0.05634957
56,26,0.008756576,0.03660494,0.07759252,0.055643156
57,26,0.0074651656,0.033333097,0.07491564,0.05485752
58,26,0.0062523843,0.030039458,0.072049476,0.053995702
59,26,0.0051446063,0.026790982,0.06902315,0.05306097
60,26,0.0041587166,0.023646392,0.06586645,0.05205682
61,26,0.0033026838,0.020654764,0.06260935,0.050986923
62,26,0.0025767693,0.017854773,0.059281554,0.049855113
63,26,0.0019750786,0.015274481,0.05591201,0.04866534
64,26,0.0014872832,0.012931713,0.052528575,0.047421668
65,26,0.0011002816,0.010834841,0.049157627,0.046128202
66,26,0.0007996772,0.0089839045,0.045823745,0.04478909
67,26,0.00057098735,0.007371964,0.042549476,0.043408465
68,26,0.00040053227,0.0059865406,0.039355114,0.041990444
69,26,0.00027602614,0.0048110792,0.036258552,0.04053907
70,26,0.00018688035,0.0038263265,0.03327521,0.0390583
71,26,0.00012430195,0.0030115752,0.030417979,0.037551973
72,26,8.122533e-05,0.002345722,0.02769724,0.03602377
73,26,5.2144234e-05,0.0018081297,0.025120914,0.03447722
74,26,3.2886863e-05,0.0013792779,0.022694554,0.032915656
75,26,2.0376867e-05,0.001041219,0.020421486,0.031342205
76,26,1.2403805e-05,0.00077785633,0.018302953,0.02975976
77,26,7.417755e-06,0.0005750724,0.016338287,0.028170986
78,26,4.3580294e-06,0.0004207367,0.01452512,0.026578287
79,26,2.515407e-06,0.00030462226,0.012859563,0.024983816
80,26,1.4263552e-06,0.00021826041,0.011336416,0.023389453
81,26,7.9459824e-07,0.00015475652,0.009949368,0.02179682
82,26,4.3487896e-07,0.00010858803,0.008691189,0.020207262
83,26,2.3382364e-07,7.5400094e-05,0.0075539043,0.018621866
84,26,1.2351228e-07,5.18102e-05,0.006528969,0.017041452
85,26,6.409628e-08,3.5229405e-05,0.0056074113,0.0154666025
86,26,3.267791e-08,2.3704239e-05,0.004779962,0.013897648
87,26,1.636733e-08,1.5781092e-05,0.0040371674,0.0123347
88,26,8.05382e-09,1.039279e-05,0.0033694773,0.010777656
89,26,3.8933847e-09,6.7659194e-06,0.002767315,0.0092262225
90,26,1.8490587e-09,4.346633e-06,0.002221127,0.007679933
91,26,8.627342e-10,2.742272e-06,0.001721418,0.0061381683
92,26,3.954604e-10,1.6760946e-06,0.001258765,0.0046001812
93,26,1.7808655e-10,9.5243877e-07,0.0008238219,0.0030651204
94,26,7.8787483e-11,4.2986028e-07,0.00040730982,0.0015320547
95,26,0.0,0.0,0.0,0.0
0,27,0.0,0.0,0.0,0.0
1,27,1.1432636e-10,5.3654406e-07,0.00044220456,0.0015869135
2,27,2.5841504e-10,1.1887234e-06,0.0008943972,0.0031748738
3,27,5.7384064e-10,2.091662e-06,0.001366595,0.0047649005
4,27,1.2518852e-09,3.4217053e-06,0.0018688687,0.0063579585
5,27,2.6831133e-09,5.422743e-06,0.002411363,0.007954929
6,27,5.6495515e-09,8.439661e-06,0.0030043041,0.009556585
7,27,1.1686655e-08,1.2961708e-05,0.0036579985,0.011163569
8,27,2.3750095e-08,1.9678868e-05,0.0043828143,0.012776363
9,27,4.7417927e-08,2.9554481e-05,0.005189145,0.014395273
10,27,9.300782e-08,4.391758e-05,0.0060873553,0.016020402
11,27,1.7922478e-07,6.457818e-05,0.0070877043,0.01765164
12,27,3.3929345e-07,9.3968316e-05,0.008200251,0.019288635
13,27,6.310367e-07,0.00013531074,0.009434731,0.020930795
14,27,1.1530165e-06,0.00019281535,0.010800418,0.022577262
15,27,2.069739e-06,0.00027190155,0.012305963,0.024226915
16,27,3.6500278e-06,0.00037944093,0.013959211,0.025878355
17,27,6.323805e-06,0.00052401103,0.015767012,0.027529908
18,27,1.0763661e-05,0.0007161463,0.017735003,0.029179625
19,27,1.799877e-05,0.00096856646,0.0198674,0.030825276
20,27,2.9568286e-05,0.001296357,0.022166781,0.032464366
21,27,4.7721045e-05,0.0017170723,0.024633858,0.034094147
22,27,7.566485e-05,0.0022507245,0.027267283,0.03571161
23,27,0.00011786351,0.0029196236,0.030063447,0.03731352
24,27,0.00018037029,0.0037480327,0.033016317,0.038896423
25,27,0.00027117616,0.004761598,0.03611729,0.040456675
26,27,0.00040053282,0.00598654,0.03935511,0.041990444
27,27,0.0005812006,0.0074485834,0.04271578,0.04349377
28,27,0.0008285406,0.009171641,0.046182565,0.044962548
29,27,0.0011603864,0.011176268,0.04973604,0.046392586
30,27,0.0015965825,0.013477944,0.05335419,0.047779627
31,27,0.0021581508,0.016085269,0.057012532,0.049119387
32,27,0.002865974,0.018998161,0.060684405,0.050407574
33,27,0.0037390653,0.022206187,0.064341195,0.051639922
34,27,0.00479242,0.025687166,0.067952655,0.052812245
35,27,0.00603458,0.02940619,0.07148736,0.05392043
36,27,0.0074651726,0.03331518,0.07491309,0.05496052
37,27,0.009072633,0.03735313,0.07819733,0.055928707
38,27,0.010832466,0.041447047,0.08130775,0.05682137
39,27,0.012706385,0.045513723,0.08421273,0.057635117
40,27,0.014642565,0.049462233,0.086881936,0.058366816
41,27,0.016577268,0.0531971,0.08928679,0.059013605
42,27,0.018437818,0.056622017,0.09140099,0.059572916
43,27,0.020146824,0.059643917,0.093201,0.06004252
44,27,0.021627393,0.06217711,0.09466649,0.060420517
45,27,0.022808794,0.064147346,0.09578071,0.060705375
46,27,0.023632037,0.06549539,0.096530795,0.06089593
47,27,0.024054728,0.06617999,0.09690804,0.060991406
48,27,0.024054728,0.06617999,0.09690804,0.060991406
49,27,0.023632037,0.06549539,0.096530795,0.060895927
50,27,0.022808794,0.064147346,0.09578071,0.06070537
51,27,0.021627393,0.06217711,0.09466649,0.060420513
52,27,0.020146824,0.059643917,0.09320099,0.06004251
53,27,0.018437812,0.05662202,0.09140097,0.05957291
54,27,0.016577268,0.0531971,0.08928678,0.059013598
55,27,0.014642565,0.049462233,0.08688193,0.05836681
56,27,0.0127063915,0.045513723,0.08421272,0.05763511
57,27,0.0108324615,0.04144705,0.08130775,0.05682136
58,27,0.009072633,0.037353132,0.07819733,0.055928696
59,27,0.0074651726,0.033315185,0.07491309,0.054960515
60,27,0.006034583,0.029406194,0.07148735,0.05392043
61,27,0.004792418,0.02568717,0.06795265,0.05281224
62,27,0.0037390653,0.02220619,0.064341195,0.051639922
63,27,0.002865974,0.018998165,0.06068441,0.05040757
64,27,0.0021581477,0.01608527,0.057012536,0.049119383
65,27,0.0015965825,0.013477946,0.053354185,0.047779623
66,27,0.0011603864,0.0111762695,0.04973604,0.046392582
67,27,0.00082854176,0.009171642,0.046182565,0.044962544
68,27,0.0005811997,0.0074485843,0.04271578,0.043493766
69,27,0.00040053282,0.00598654,0.039355118,0.041990444
70,27,0.00027117616,0.0047615985,0.036117297,0.040456675
71,27,0.00018037064,0.0037480334,0.03301632,0.038896423
72,27,0.00011786351,0.0029196246,0.03006345,0.03731352
73,27,7.566485e-05,0.002250725,0.027267287,0.03571161
74,27,4.7721045e-05,0.0017170727,0.024633864,0.034094147
75,27,2.956823e-05,0.0012963574,0.022166787,0.03246437
76,27,1.799877e-05,0.0009685667,0.019867405,0.03082528
77,27,1.0763661e-05,0.00071614643,0.017735006,0.029179627
78,27,6.323805e-06,0.00052401115,0.015767016,0.027529914
79,27,3.6500278e-06,0.00037944104,0.013959214,0.025878359
80,27,2.069739e-06,0.00027190163,0.012305967,0.024226919
81,27,1.1530165e-06,0.0001928154,0.010800421,0.022577267
82,27,6.310385e-07,0.00013531077,0.009434734,0.0209308
83,27,3.3929345e-07,9.396834e-05,0.008200253,0.01928864
84,27,1.7922478e-07,6.457819e-05,0.0070877075,0.017651645
85,27,9.300782e-08,4.391759e-05,0.0060873576,0.01602041
86,27,4.7417927e-08,2.955449e-05,0.0051891473,0.014395279
87,27,2.3750095e-08,1.9678873e-05,0.004382816,0.012776368
88,27,1.1686655e-08,1.2961713e-05,0.0036580001,0.011163573
89,27,5.649562e-09,8.439662e-06,0.003004305,0.009556589
90,27,2.6831082e-09,5.4227444e-06,0.0024113639,0.007954931
91,27,1.2518852e-09,3.4217062e-06,0.0018688696,0.0063579613
92,27,5.7384064e-10,2.0916625e-06,0.0013665956,0.004764903
93,27,2.5841554e-10,1.1887237e-06,0.0008943978,0.0031748754
94,27,1.14325924e-10,5.3654423e-07,0.0004422048,0.0015869142
95,27,0.0,0.0,0.0,0.0
0,28,0.0,0.0,0.0,0.0
1,28,1.629797e-10,6.6266404e-07,0.00047821045,0.0016405127
2,28,3.6838751e-10,1.468034e-06,0.0009672197,0.0032821079
3,28,8.180489e-10,2.582846e-06,0.0014778577,0.0049258387
4,28,1.7846475e-09,4.2246584e-06,0.0020210126,0.006572703
5,28,3.824968e-09,6.6942994e-06,0.002607652,0.00822361
6,28,8.053805e-09,1.04170895e-05,0.003248832,0.009879363
7,28,1.6660092e-08,1.599628e-05,0.0039556953,0.0115406215
8,28,3.3857376e-08,2.4282474e-05,0.0047394494,0.013207885
9,28,6.759748e-08,3.6463094e-05,0.005611331,0.014881471
10,28,1.3258924e-07,5.417606e-05,0.006582545,0.016561486
11,28,2.5549687e-07,7.965172e-05,0.007664182,0.018247815
12,28,4.8368685e-07,0.000115886476,0.008867114,0.019940093
13,28,8.995875e-07,0.00016685034,0.010201865,0.021637708
14,28,1.6437034e-06,0.0002377287,0.01167846,0.023339778
15,28,2.950551e-06,0.00033519574,0.013306247,0.025045142
16,28,5.203368e-06,0.00046771282,0.015093708,0.026752347
17,28,9.015006e-06,0.00064584083,0.017048243,0.028459672
18,28,1.534433e-05,0.00088254816,0.019175947,0.030165095
19,28,2.5658423e-05,0.0011934914,0.021481374,0.031866316
20,28,4.2151565e-05,0.0015972368,0.023967305,0.033560753
21,28,6.80296e-05,0.002115386,0.02663451,0.03524556
22,28,0.0001078654,0.002772563,0.02948153,0.036917634
23,28,0.00016802229,0.003596215,0.032504458,0.03857363
24,28,0.00025713013,0.0046161865,0.03569677,0.040209983
25,28,0.0003865801,0.0058640214,0.03904917,0.04182291
26,28,0.00057098654,0.0073719635,0.042549476,0.04340847
27,28,0.0008285406,0.009171641,0.046182565,0.044962548
28,28,0.0011811404,0.011292449,0.04993035,0.046480905
29,28,0.0016542091,0.013759643,0.053771816,0.047959227
30,28,0.002276037,0.016592236,0.057683166,0.049393095
31,28,0.0030765894,0.019800775,0.061637953,0.050778087
32,28,0.0040856414,0.023385117,0.06560733,0.052109763
33,28,0.005330292,0.027332399,0.069560386,0.053383715
34,28,0.0068319184,0.031615302,0.073464416,0.054595612
35,28,0.008602705,0.03619086,0.07728546,0.05574121
36,28,0.010642112,0.040999915,0.08098869,0.056816407
37,28,0.01293365,0.045967404,0.084538944,0.057817277
38,28,0.015442418,0.05100355,0.08790127,0.058740072
39,28,0.018113809,0.05600601,0.091041535,0.05958129
40,28,0.020873973,0.06086296,0.09392691,0.060337692
41,28,0.02363202,0.06545699,0.09652651,0.06100631
42,28,0.026284358,0.06966966,0.09881192,0.061584502
43,28,0.028720662,0.073386535,0.100757696,0.06206996
44,28,0.030831313,0.07650227,0.10234185,0.062460717
45,28,0.03251548,0.07892555,0.1035463,0.0627552
46,28,0.03368907,0.08058356,0.10435712,0.06295218
47,28,0.034291655,0.08142557,0.10476491,0.06305088
48,28,0.034291655,0.08142557,0.10476491,0.06305088
49,28,0.03368907,0.08058356,0.10435712,0.062952176
50,28,0.03251548,0.07892555,0.10354629,0.06275519
51,28,0.030831313,0.07650227,0.10234185,0.06246071
52,28,0.028720662,0.073386535,0.10075769,0.062069952
53,28,0.02628435,0.06966966,0.09881191,0.0615845
54,28,0.02363202,0.06545699,0.096526496,0.061006304
55,28,0.020873973,0.06086296,0.0939269,0.060337685
56,28,0.018113816,0.05600601,0.09104153,0.059581283
57,28,0.0154424105,0.05100355,0.087901264,0.058740065
58,28,0.01293365,0.045967408,0.08453894,0.05781727
59,28,0.010642112,0.04099992,0.08098869,0.056816403
60,28,0.008602709,0.036190864,0.07728546,0.055741206
61,28,0.006831915,0.031615306,0.07346442,0.05459561
62,28,0.005330292,0.0273324,0.069560386,0.05338371
63,28,0.0040856414,0.023385119,0.06560733,0.05210976
64,28,0.0030765864,0.019800777,0.061637953,0.050778084
65,28,0.002276037,0.016592238,0.057683162,0.04939309
66,28,0.0016542091,0.013759645,0.053771816,0.04795922
67,28,0.0011811422,0.01129245,0.049930345,0.0464809
68,28,0.00082853937,0.009171642,0.04618257,0.04496254
69,28,0.00057098654,0.0073719644,0.04254948,0.043408465
70,28,0.0003865801,0.0058640223,0.039049175,0.04182291
71,28,0.00025713062,0.0046161874,0.035696775,0.040209983
72,28,0.00016802229,0.0035962157,0.03250446,0.03857363
73,28,0.0001078654,0.0027725636,0.029481534,0.036917634
74,28,6.80296e-05,0.0021153865,0.026634516,0.03524556
75,28,4.2151525e-05,0.0015972372,0.02396731,0.033560753
76,28,2.5658423e-05,0.0011934916,0.02148138,0.03186632
77,28,1.534433e-05,0.0008825484,0.019175952,0.030165099
78,28,9.015006e-06,0.000645841,0.017048249,0.028459676
79,28,5.203358e-06,0.000467713,0.015093713,0.026752353
80,28,2.950551e-06,0.00033519583,0.013306251,0.025045145
81,28,1.6437034e-06,0.00023772876,0.011678464,0.023339784
82,28,8.995892e-07,0.00016685038,0.010201869,0.021637714
83,28,4.8368685e-07,0.000115886505,0.008867118,0.019940099
84,28,2.5549687e-07,7.9651734e-05,0.007664185,0.01824782
85,28,1.3258924e-07,5.4176075e-05,0.0065825484,0.016561493
86,28,6.7597355e-08,3.6463105e-05,0.0056113335,0.014881478
87,28,3.3857376e-08,2.4282483e-05,0.004739451,0.013207891
88,28,1.6660092e-08,1.5996284e-05,0.003955697,0.011540626
89,28,8.05382e-09,1.0417093e-05,0.0032488334,0.009879367
90,28,3.8249603e-09,6.694301e-06,0.0026076532,0.008223615
91,28,1.7846475e-09,4.2246597e-06,0.0020210138,0.006572705
92,28,8.180489e-10,2.5828467e-06,0.0014778584,0.0049258415
93,28,3.6838893e-10,1.4680345e-06,0.0009672202,0.0032821095
94,28,1.6297907e-10,6.626642e-07,0.00047821074,0.0016405135
95,28,0.0,0.0,0.0,0.0
0,29,0.0,0.0,0.0,0.0
1,29,2.2825587e-10,8.0982664e-07,0.0005151256,0.0016926992
2,29,5.15934e-10,1.7939229e-06,0.0010418808,0.0033865147
3,29,1.1456938e-09,3.1558782e-06,0.001591929,0.005082534
4,29,2.4994296e-09,5.1612897e-06,0.0021769963,0.0067817857
5,29,5.356933e-09,8.17734e-06,0.0028088936,0.008485209
6,29,1.1279513e-08,1.2723068e-05,0.0034995275,0.010193631
7,29,2.3332788e-08,1.953453e-05,0.0042608976,0.011907733
8,29,4.7417927e-08,2.964942e-05,0.0051050726,0.013628031
9,29,9.467162e-08,4.451612e-05,0.0060441536,0.015354851
10,29,1.8569368e-07,6.613221e-05,0.0070902044,0.017088305
11,29,3.578278e-07,9.721743e-05,0.008255169,0.018828267
12,29,6.774117e-07,0.00014142515,0.009550753,0.020574374
13,29,1.2598878e-06,0.0002035951,0.010988289,0.022325985
14,29,2.302037e-06,0.0002900479,0.01257857,0.024082191
15,29,4.1322974e-06,0.00040891775,0.014331661,0.025841791
16,29,7.287413e-06,0.00057051587,0.016256694,0.027603295
17,29,1.2625683e-05,0.0007877101,0.018361634,0.02936492
18,29,2.149004e-05,0.0010763,0.020653043,0.031124577
19,29,3.5935132e-05,0.0014553576,0.023135824,0.0328799
20,29,5.90341e-05,0.001947497,0.025812965,0.03462822
21,29,9.527671e-05,0.002579026,0.028685294,0.03636661
22,29,0.00015106749,0.0033799293,0.031751238,0.038091857
23,29,0.00023531856,0.0043836255,0.03500659,0.039800514
24,29,0.00036011552,0.0056264484,0.038444318,0.0414889
25,29,0.00054141256,0.007146794,0.04205441,0.04315312
26,29,0.0007996772,0.008983904,0.045823745,0.044789094
27,29,0.0011603864,0.011176268,0.04973604,0.046392586
28,29,0.0016542091,0.013759644,0.053771816,0.047959227
29,29,0.0023167504,0.016764749,0.05790845,0.049484544
30,29,0.003187632,0.020214694,0.062120304,0.05096401
31,29,0.0043088202,0.02412228,0.066378914,0.052393038
32,29,0.0057220166,0.028487291,0.0706532,0.05376705
33,29,0.0074651726,0.033294026,0.07490989,0.05508151
34,29,0.009568228,0.038509194,0.079113774,0.056331936
35,29,0.012048247,0.04408045,0.083228275,0.05751396
36,29,0.014904475,0.049935758,0.08721589,0.058623344
37,29,0.018113816,0.055983722,0.09103876,0.059656028
38,29,0.021627393,0.062115055,0.09465928,0.060608163
39,29,0.02536873,0.06820516,0.098040655,0.06147613
40,29,0.029234385,0.07411795,0.10114757,0.062256575
41,29,0.03309708,0.07971051,0.10394676,0.06294645
42,29,0.036811728,0.08483872,0.10640763,0.06354303
43,29,0.04022382,0.089363284,0.10850278,0.06404392
44,29,0.043179825,0.09315601,0.11020857,0.064447105
45,29,0.045538533,0.0961058,0.11150548,0.06475093
46,29,0.047182165,0.09812402,0.112378545,0.064954184
47,29,0.048026096,0.09914897,0.112817645,0.06505602
48,29,0.048026096,0.09914897,0.11281764,0.06505602
49,29,0.047182165,0.09812402,0.112378545,0.064954184
50,29,0.045538533,0.0961058,0.11150547,0.064750925
51,29,0.043179825,0.09315601,0.11020856,0.0644471
52,29,0.04022382,0.089363284,0.108502775,0.06404391
53,29,0.03681172,0.08483872,0.10640761,0.06354302
54,29,0.03309708,0.07971051,0.10394675,0.062946446
55,29,0.029234385,0.07411795,0.10114756,0.062256567
56,29,0.025368735,0.06820516,0.09804065,0.06147612
57,29,0.021627381,0.062115055,0.09465928,0.06060816
58,29,0.018113816,0.055983726,0.091038756,0.059656024
59,29,0.014904475,0.04993576,0.087215886,0.058623336
60,29,0.012048253,0.04408045,0.08322827,0.057513952
61,29,0.009568224,0.038509194,0.079113774,0.05633193
62,29,0.0074651726,0.03329403,0.07490989,0.055081505
63,29,0.0057220166,0.028487293,0.0706532,0.053767044
64,29,0.0043088165,0.024122281,0.06637891,0.05239303
65,29,0.003187632,0.020214695,0.0621203,0.050964
66,29,0.0023167504,0.01676475,0.057908446,0.049484544
67,29,0.0016542114,0.013759645,0.053771816,0.04795922
68,29,0.0011603847,0.0111762695,0.049736045,0.04639258
69,29,0.0007996772,0.008983905,0.04582375,0.044789087
70,29,0.00054141256,0.0071467953,0.042054415,0.043153115
71,29,0.000360116,0.00562645,0.03844432,0.041488897
72,29,0.00023531856,0.004383627,0.035006594,0.039800517
73,29,0.00015106749,0.0033799296,0.03175124,0.03809186
74,29,9.527671e-05,0.0025790264,0.0286853,0.03636661
75,29,5.9033988e-05,0.0019474973,0.025812969,0.034628224
76,29,3.5935132e-05,0.0014553579,0.023135828,0.032879904
77,29,2.149004e-05,0.0010763003,0.020653049,0.031124584
78,29,1.2625683e-05,0.00078771025,0.01836164,0.029364923
79,29,7.2873922e-06,0.000570516,0.0162567,0.027603298
80,29,4.1322974e-06,0.00040891787,0.014331666,0.025841795
81,29,2.302037e-06,0.00029004796,0.012578574,0.024082197
82,29,1.2598914e-06,0.00020359515,0.010988292,0.02232599
83,29,6.774117e-07,0.00014142516,0.009550757,0.02057438
84,29,3.578278e-07,9.721745e-05,0.008255172,0.018828275
85,29,1.8569368e-07,6.613223e-05,0.0070902077,0.01708831
86,29,9.467126e-08,4.451613e-05,0.006044156,0.015354859
87,29,4.7417927e-08,2.9649427e-05,0.005105075,0.013628038
88,29,2.3332788e-08,1.9534535e-05,0.0042608995,0.011907738
89,29,1.12795355e-08,1.2723071e-05,0.003499529,0.010193635
90,29,5.356923e-09,8.177341e-06,0.002808895,0.008485213
91,29,2.4994296e-09,5.161291e-06,0.0021769975,0.0067817885
92,29,1.1456938e-09,3.1558793e-06,0.0015919299,0.005082537
93,29,5.15935e-10,1.7939235e-06,0.0010418814,0.0033865166
94,29,2.2825543e-10,8.09827e-07,0.00051512587,0.0016927
95,29,0.0,0.0,0.0,0.0
0,30,0.0,0.0,0.0,0.0
1,30,3.1405933e-10,9.792694e-07,0.0005527209,0.001743317
2,30,7.09877e-10,2.1691246e-06,0.0011179177,0.0034877837
3,30,1.5763645e-09,3.8155526e-06,0.0017081021,0.0052345195
4,30,3.438988e-09,6.239406e-06,0.0023358527,0.0069845845
5,30,7.370639e-09,9.884176e-06,0.0030138402,0.008738946
6,30,1.5519555e-08,1.5376661e-05,0.0037548363,0.010498453
7,30,3.2103735e-08,2.3605593e-05,0.004571713,0.012263811
8,30,6.524251e-08,3.5823716e-05,0.0054774173,0.01403555
9,30,1.3025917e-07,5.3779328e-05,0.0064849276,0.015814006
10,30,2.5549713e-07,7.988332e-05,0.0076071857,0.017599288
11,30,4.923385e-07,0.00011741769,0.008857002,0.019391278
12,30,9.3205523e-07,0.0001707905,0.010246931,0.021189593
13,30,1.7334878e-06,0.0002458406,0.011789127,0.022993574
14,30,3.1673876e-06,0.0003501923,0.013495169,0.024802288
15,30,5.6856657e-06,0.0004936566,0.015375849,0.026614496
16,30,1.0026799e-05,0.0006886685,0.01744096,0.028428664
17,30,1.7371758e-05,0.0009507446,0.019699045,0.030242952
18,30,2.9568257e-05,0.0012989343,0.022157136,0.032055218
19,30,4.944338e-05,0.0017562304,0.024820494,0.03386302
20,30,8.12254e-05,0.0023498917,0.02769232,0.035663605
21,30,0.00013109196,0.0031116272,0.030773502,0.03745396
22,30,0.00020785474,0.0040775714,0.034062345,0.03923078
23,30,0.000323776,0.0052879965,0.037554335,0.040990513
24,30,0.00049548526,0.0067866766,0.041241925,0.042729367
25,30,0.0007449331,0.008619867,0.04511438,0.04444333
26,30,0.0011002816,0.01083484,0.04915763,0.046128206
27,30,0.0015965825,0.013477944,0.053354185,0.047779627
28,30,0.002276037,0.016592238,0.057683166,0.049393095
29,30,0.003187632,0.020214697,0.062120304,0.05096401
30,30,0.0043858853,0.024373123,0.0666381,0.052487694
31,30,0.005928534,0.029082892,0.07120602,0.05395943
32,30,0.007872956,0.03434371,0.07579074,0.055374514
33,30,0.01027138,0.040136594,0.080356546,0.05672826
34,30,0.013164993,0.0464214,0.0848657,0.058016054
35,30,0.016577253,0.05313503,0.08927895,0.0592334
36,30,0.020507164,0.060190663,0.0935561,0.060375944
37,30,0.024922919,0.067478165,0.09765652,0.061439496
38,30,0.02975727,0.074865855,0.10153988,0.062420085
39,30,0.034905,0.08220365,0.10516673,0.063314
40,30,0.04022378,0.08932759,0.10849917,0.06411777
41,30,0.0455385,0.096065536,0.11150155,0.064828254
42,30,0.050649498,0.102243885,0.11414105,0.06544266
43,30,0.055344213,0.107694894,0.11638828,0.065958515
44,30,0.059411403,0.11226415,0.11821788,0.06637375
45,30,0.062656775,0.11581783,0.11960892,0.06668667
46,30,0.06491825,0.118249215,0.12054536,0.066895984
47,30,0.066079415,0.11948397,0.12101632,0.06700087
48,30,0.066079415,0.11948397,0.12101632,0.06700087
49,30,0.06491825,0.118249215,0.12054536,0.066895984
50,30,0.062656775,0.11581783,0.11960892,0.06668666
51,30,0.059411403,0.11226415,0.11821787,0.06637374
52,30,0.055344213,0.107694894,0.116388276,0.06595851
53,30,0.050649483,0.10224389,0.11414104,0.06544265
54,30,0.0455385,0.09606553,0.111501545,0.06482825
55,30,0.04022378,0.08932759,0.10849917,0.06411776
56,30,0.03490501,0.08220366,0.10516672,0.06331398
57,30,0.029757256,0.074865855,0.101539865,0.062420078
58,30,0.024922919,0.067478165,0.09765651,0.061439488
59,30,0.020507164,0.060190666,0.09355609,0.060375936
60,30,0.016577268,0.053135034,0.08927895,0.059233397
61,30,0.013164987,0.046421405,0.08486569,0.05801605
62,30,0.01027138,0.040136594,0.080356546,0.056728248
63,30,0.007872956,0.03434371,0.07579074,0.055374507
64,30,0.0059285313,0.029082894,0.07120602,0.05395942
65,30,0.0043858853,0.024373123,0.066638105,0.052487686
66,30,0.003187632,0.020214695,0.062120304,0.050964
67,30,0.0022760392,0.016592238,0.057683166,0.04939309
68,30,0.001596581,0.013477946,0.053354193,0.047779623
69,30,0.0011002816,0.010834842,0.04915763,0.046128202
70,30,0.0007449331,0.008619869,0.045114383,0.044443328
71,30,0.0004954857,0.006786678,0.04124193,0.04272937
72,30,0.000323776,0.0052879974,0.03755434,0.040990517
73,30,0.00020785474,0.0040775724,0.03406235,0.039230783
74,30,0.00013109196,0.0031116274,0.030773507,0.037453964
75,30,8.1225175e-05,0.0023498922,0.027692325,0.03566361
76,30,4.944338e-05,0.0017562305,0.024820497,0.033863023
77,30,2.9568257e-05,0.0012989346,0.022157142,0.032055225
78,30,1.7371758e-05,0.0009507448,0.019699048,0.030242957
79,30,1.002679e-05,0.00068866863,0.017440965,0.028428668
80,30,5.6856657e-06,0.00049365667,0.015375853,0.0266145
81,30,3.1673876e-06,0.0003501924,0.013495173,0.024802294
82,30,1.7334927e-06,0.00024584067,0.011789131,0.02299358
83,30,9.3205523e-07,0.00017079053,0.010246933,0.021189598
84,30,4.923385e-07,0.0001174177,0.008857004,0.019391285
85,30,2.5549713e-07,7.9883335e-05,0.0076071885,0.017599296
86,30,1.3025905e-07,5.3779342e-05,0.0064849304,0.015814012
87,30,6.524251e-08,3.582373e-05,0.0054774196,0.014035556
88,30,3.2103735e-08,2.36056e-05,0.004571715,0.012263816
89,30,1.5519586e-08,1.5376665e-05,0.003754838,0.010498458
90,30,7.370625e-09,9.884179e-06,0.0030138416,0.00873895
91,30,3.438988e-09,6.2394083e-06,0.002335854,0.0069845878
92,30,1.5763645e-09,3.815554e-06,0.001708103,0.0052345227
93,30,7.098797e-10,2.1691253e-06,0.0011179184,0.0034877856
94,30,3.1405814e-10,9.792698e-07,0.00055272126,0.0017433178
95,30,0.0,0.0,0.0,0.0
0,31,0.0,0.0,0.0,0.0
1,31,4.2452286e-10,1.1717218e-06,0.0005907422,0.0017922097
2,31,9.595627e-10,2.595249e-06,0.0011948158,0.0035856012
3,31,2.1308204e-09,4.564686e-06,0.0018255903,0.005381326
4,31,4.648577e-09,7.463583e-06,0.002496507,0.0071804714
5,31,9.96312e-09,1.1822005e-05,0.0032211046,0.008984034
6,31,2.0978263e-08,1.8388988e-05,0.004013031,0.010792888
7,31,4.339561e-08,2.8226408e-05,0.0048860395,0.012607753
8,31,8.819031e-08,4.2830885e-05,0.0058539636,0.01442918
9,31,1.7607518e-07,6.4290754e-05,0.0069306716,0.016257508
10,31,3.4536302e-07,9.548545e-05,0.008129992,0.018092858
11,31,6.6550786e-07,0.00014033432,0.009465607,0.019935098
12,31,1.2598865e-06,0.00020410084,0.010950937,0.021783842
13,31,2.3432067e-06,0.00029375593,0.012598963,0.02363841
14,31,4.281456e-06,0.00041840135,0.014422056,0.02549784
15,31,7.685475e-06,0.0005897475,0.016431745,0.027360862
16,31,1.3553521e-05,0.0008226356,0.018638492,0.0292259
17,31,2.3481942e-05,0.0011355822,0.021051424,0.031091059
18,31,3.9968287e-05,0.0015513177,0.023678051,0.032954138
19,31,6.683414e-05,0.0020972744,0.02652399,0.03481262
20,31,0.000109794775,0.002805971,0.029592661,0.036663696
21,31,0.00017720072,0.003715231,0.032885008,0.038504247
22,31,0.00028096366,0.004868153,0.036399215,0.040330883
23,31,0.00043765825,0.006312762,0.040130462,0.04213995
24,31,0.0006697624,0.008101258,0.044070683,0.04392755
25,31,0.001006949,0.010288792,0.0482084,0.045689564
26,31,0.001487284,0.012931713,0.052528575,0.04742167
27,31,0.0021581508,0.01608527,0.05701254,0.049119387
28,31,0.0030765894,0.019800775,0.061637953,0.050778087
29,31,0.0043088202,0.02412228,0.066378914,0.052393038
30,31,0.005928534,0.029082892,0.07120602,0.05395943
31,31,0.008013778,0.034700897,0.07608665,0.055472426
32,31,0.010642112,0.04097588,0.08098522,0.056927174
33,31,0.01388414,0.04788517,0.08586354,0.05831886
34,31,0.01779552,0.055380836,0.090681314,0.05964276
35,31,0.022407979,0.0633876,0.09539661,0.06089423
36,31,0.027720151,0.071801916,0.09996645,0.062068798
37,31,0.03368907,0.08049243,0.104347475,0.063162155
38,31,0.04022381,0.08930214,0.10849656,0.064170234
39,31,0.047182154,0.098052084,0.11237158,0.065089196
40,31,0.05437171,0.10654678,0.11593203,0.065915495
41,31,0.061555766,0.114581026,0.11913983,0.066645905
42,31,0.06846447,0.12194787,0.12195991,0.06727753
43,31,0.07481046,0.12844734,0.1243609,0.06780784
44,31,0.08030821,0.13389538,0.12631565,0.06823471
45,31,0.084695056,0.13813247,0.12780187,0.0685564
46,31,0.08775198,0.14103143,0.12880236,0.0687716
47,31,0.089321546,0.14250362,0.12930554,0.06887941
48,31,0.089321546,0.14250362,0.12930554,0.06887941
49,31,0.08775198,0.14103141,0.12880236,0.06877159
50,31,0.08469504,0.13813248,0.12780185,0.06855639
51,31,0.08030821,0.13389537,0.12631565,0.06823471
52,31,0.07481046,0.12844734,0.12436088,0.06780784
53,31,0.068464436,0.12194786,0.121959895,0.06727752
54,31,0.061555766,0.114581026,0.11913982,0.0666459
55,31,0.05437171,0.10654678,0.11593202,0.06591548
56,31,0.047182165,0.098052084,0.112371564,0.06508919
57,31,0.04022378,0.08930214,0.10849655,0.06417023
58,31,0.03368907,0.08049244,0.10434746,0.06316215
59,31,0.027720151,0.07180192,0.099966444,0.062068786
60,31,0.022407996,0.06338762,0.0953966,0.06089422
61,31,0.01779551,0.055380844,0.090681314,0.05964275
62,31,0.01388414,0.047885172,0.08586354,0.058318857
63,31,0.010642112,0.04097588,0.08098522,0.056927163
64,31,0.008013775,0.034700897,0.07608665,0.055472415
65,31,0.005928534,0.029082892,0.07120602,0.05395942
66,31,0.0043088202,0.024122283,0.06637891,0.05239303
67,31,0.0030765922,0.019800777,0.061637957,0.050778084
68,31,0.0021581477,0.01608527,0.05701254,0.049119383
69,31,0.001487284,0.012931714,0.05252858,0.047421668
70,31,0.001006949,0.010288794,0.048208404,0.04568956
71,31,0.00066976337,0.00810126,0.044070687,0.04392755
72,31,0.00043765825,0.006312763,0.040130466,0.042139955
73,31,0.00028096366,0.004868154,0.036399223,0.040330887
74,31,0.00017720072,0.0037152318,0.032885015,0.03850425
75,31,0.00010979467,0.0028059715,0.029592669,0.036663704
76,31,6.683414e-05,0.0020972746,0.026523996,0.03481263
77,31,3.9968287e-05,0.001551318,0.023678057,0.03295414
78,31,2.3481942e-05,0.0011355825,0.02105143,0.031091066
79,31,1.3553495e-05,0.0008226357,0.0186385,0.029225904
80,31,7.685475e-06,0.0005897476,0.016431753,0.027360868
81,31,4.281456e-06,0.00041840144,0.01442206,0.025497844
82,31,2.3432133e-06,0.000293756,0.012598968,0.023638416
83,31,1.2598865e-06,0.00020410088,0.010950941,0.021783847
84,31,6.6550786e-07,0.00014033436,0.009465611,0.019935107
85,31,3.4536302e-07,9.548548e-05,0.008129994,0.018092865
86,31,1.7607483e-07,6.429077e-05,0.006930675,0.016257515
87,31,8.819031e-08,4.2830896e-05,0.005853966,0.0144291865
88,31,4.339561e-08,2.8226415e-05,0.0048860414,0.012607759
89,31,2.0978302e-08,1.8388992e-05,0.0040130327,0.010792892
90,31,9.963082e-09,1.1822009e-05,0.0032211062,0.008984039
91,31,4.648577e-09,7.463586e-06,0.0024965084,0.007180475
92,31,2.1308204e-09,4.5646875e-06,0.0018255913,0.0053813285
93,31,9.595644e-10,2.5952497e-06,0.0011948165,0.0035856033
94,31,4.2452206e-10,1.1717221e-06,0.00059074257,0.0017922106
95,31,0.0,0.0,0.0,0.0
0,32,0.0,0.0,0.0,0.0
1,32,5.637568e-10,1.3872655e-06,0.00062891183,0.0018392208
2,32,1.2742751e-09,3.0724725e-06,0.0012720138,0.0036796546
3,32,2.8296816e-09,5.4035754e-06,0.0019435362,0.0055224816
4,32,6.173206e-09,8.834285e-06,0.0026577862,0.00736882
5,32,1.3230799e-08,1.3991518e-05,0.003429174,0.00921969
6,32,2.785866e-08,2.1761041e-05,0.0042722267,0.011075989
7,32,5.762839e-08,3.3398406e-05,0.005201582,0.012938459
8,32,1.1711475e-07,5.067293e-05,0.0062319636,0.014807659
9,32,2.3382385e-07,7.605318e-05,0.0073781325,0.016683942
10,32,4.586343e-07,0.00011294243,0.008654805,0.018567428
11,32,8.837803e-07,0.0001659725,0.010076546,0.020457987
12,32,1.6731026e-06,0.0002413629,0.011657634,0.022355217
13,32,3.1117286e-06,0.00034734994,0.013411887,0.024258425
14,32,5.685671e-06,0.00049468613,0.015352468,0.026166622
15,32,1.0206148e-05,0.00069720455,0.017491648,0.028078504
16,32,1.799877e-05,0.0009724342,0.019840557,0.029992448
17,32,3.118346e-05,0.0013422435,0.022408908,0.031906523
18,32,5.3076983e-05,0.0018334738,0.025204694,0.033818457
19,32,8.8754234e-05,0.002478516,0.028233888,0.03572568
20,32,0.000145805,0.0033157635,0.031500123,0.03762529
21,32,0.00023531879,0.004389866,0.035004415,0.039514102
22,32,0.00037311323,0.005751698,0.03874481,0.04138864
23,32,0.0005812,0.007457942,0.042716186,0.04324514
24,32,0.00088942895,0.0095702,0.046909958,0.04507961
25,32,0.001337205,0.012153551,0.051313903,0.046887826
26,32,0.0019750786,0.015274479,0.055912014,0.048665345
27,32,0.002865974,0.018998163,0.060684416,0.050407574
28,32,0.0040856414,0.02338512,0.06560734,0.052109763
29,32,0.0057220166,0.028487293,0.07065321,0.05376705
30,32,0.007872956,0.03434371,0.07579074,0.055374514
31,32,0.010642112,0.04097588,0.08098522,0.056927174
32,32,0.014132485,0.048383266,0.08619874,0.05842006
33,32,0.018437818,0.05653905,0.091390714,0.059848238
34,32,0.023632042,0.06538662,0.09651822,0.06120684
35,32,0.029757291,0.0748371,0.10153663,0.06249112
36,32,0.03681174,0.084768236,0.10640023,0.063696474
37,32,0.044738315,0.09502501,0.11106285,0.0648185
38,32,0.053416286,0.10542213,0.11547861,0.06585301
39,32,0.062656805,0.115748435,0.11960267,0.06679605
40,32,0.07220439,0.12577325,0.123391956,0.067644015
41,32,0.08174463,0.13525447,0.1268059,0.068393566
42,32,0.09091925,0.14394791,0.12980722,0.06904175
43,32,0.09934656,0.15161766,0.13236248,0.06958597
44,32,0.10664743,0.15804657,0.13444287,0.070024036
45,32,0.1124731,0.16304648,0.13602458,0.07035415
46,32,0.11653262,0.1664673,0.13708937,0.070574984
47,32,0.11861697,0.1682045,0.13762487,0.070685625
48,32,0.11861697,0.1682045,0.13762487,0.070685625
49,32,0.11653262,0.1664673,0.13708936,0.070574984
50,32,0.11247307,0.16304648,0.13602456,0.07035414
51,32,0.10664743,0.15804657,0.13444287,0.07002403
52,32,0.09934656,0.15161765,0.13236247,0.069585964
53,32,0.09091923,0.1439479,0.1298072,0.069041744
54,32,0.08174463,0.13525446,0.12680589,0.06839356
55,32,0.07220439,0.12577324,0.12339194,0.06764401
56,32,0.062656835,0.115748435,0.11960266,0.06679604
57,32,0.053416274,0.10542213,0.115478605,0.065853
58,32,0.044738315,0.09502501,0.11106283,0.064818494
59,32,0.03681174,0.084768236,0.10640022,0.06369647
60,32,0.029757306,0.07483711,0.101536624,0.062491104
61,32,0.023632025,0.06538663,0.09651822,0.061206825
62,32,0.018437818,0.056539055,0.09139072,0.059848223
63,32,0.014132485,0.04838327,0.08619875,0.05842005
64,32,0.010642107,0.04097588,0.08098522,0.056927163
65,32,0.007872956,0.034343712,0.07579074,0.055374507
66,32,0.0057220166,0.028487295,0.070653215,0.053767044
67,32,0.004085643,0.023385119,0.06560735,0.05210976
68,32,0.0028659715,0.018998165,0.060684416,0.05040757
69,32,0.0019750786,0.015274482,0.055912014,0.048665345
70,32,0.001337205,0.012153553,0.051313903,0.04688782
71,32,0.0008894302,0.009570202,0.046909958,0.045079615
72,32,0.0005812,0.0074579427,0.042716194,0.04324514
73,32,0.00037311323,0.0057516987,0.03874482,0.041388642
74,32,0.00023531879,0.0043898667,0.035004422,0.039514106
75,32,0.00014580472,0.003315764,0.03150013,0.037625294
76,32,8.8754234e-05,0.0024785164,0.028233895,0.035725687
77,32,5.3076983e-05,0.0018334741,0.025204701,0.033818465
78,32,3.118346e-05,0.0013422436,0.022408916,0.03190653
79,32,1.7998753e-05,0.00097243435,0.019840565,0.029992456
80,32,1.0206148e-05,0.00069720467,0.017491654,0.02807851
81,32,5.685671e-06,0.0004946862,0.015352474,0.026166627
82,32,3.1117345e-06,0.00034735,0.013411892,0.024258431
83,32,1.6731026e-06,0.00024136294,0.011657638,0.022355225
84,32,8.837803e-07,0.00016597252,0.01007655,0.020457994
85,32,4.586343e-07,0.000112942456,0.008654808,0.018567435
86,32,2.3382364e-07,7.60532e-05,0.007378136,0.01668395
87,32,1.1711475e-07,5.067294e-05,0.0062319664,0.014807666
88,32,5.762839e-08,3.3398414e-05,0.0052015837,0.012938465
89,32,2.7858713e-08,2.1761047e-05,0.0042722286,0.011075994
90,32,1.3230774e-08,1.3991521e-05,0.0034291758,0.009219695
91,32,6.173206e-09,8.834286e-06,0.0026577879,0.0073688235
92,32,2.8296816e-09,5.403577e-06,0.0019435374,0.0055224844
93,32,1.27428e-09,3.0724734e-06,0.0012720145,0.0036796564
94,32,5.6375465e-10,1.3872659e-06,0.0006289122,0.0018392218
95,32,0.0,0.0,0.0,0.0
0,33,0.0,0.0,0.0,0.0
1,33,7.355019e-10,1.6252051e-06,0.0006669318,0.0018841946
2,33,1.6624753e-09,3.5992505e-06,0.0013489086,0.0037696315
3,33,3.6917198e-09,6.3294956e-06,0.0020610187,0.0056575206
4,33,8.05382e-09,1.0347031e-05,0.002818431,0.007549006
5,33,1.7261415e-08,1.6385588e-05,0.0036364244,0.009445134
6,33,3.6345494e-08,2.5481699e-05,0.0045303996,0.011346823
7,33,7.5184246e-08,3.910442e-05,0.0055158767,0.013254832
8,33,1.5279261e-07,5.9323702e-05,0.006608467,0.015169736
9,33,3.05056e-07,8.902717e-05,0.007823817,0.017091896
10,33,5.9835276e-07,0.00013219543,0.009177531,0.019021433
11,33,1.1530153e-06,0.00019424538,0.010685049,0.020958217
12,33,2.1827948e-06,0.00028245,0.012361508,0.022901831
13,33,4.0596824e-06,0.0004064395,0.0142215565,0.024851572
14,33,7.4177624e-06,0.00057878497,0.016279148,0.02680642
15,33,1.3315351e-05,0.0008156574,0.018547287,0.028765041
16,33,2.348192e-05,0.0011375464,0.02103778,0.030725779
17,33,4.0683273e-05,0.0015700107,0.023760911,0.032686643
18,33,6.924644e-05,0.0021444191,0.026725158,0.034645315
19,33,0.00011579234,0.002898622,0.029936848,0.03659916
20,33,0.00019022306,0.0038774791,0.03339984,0.03854521
21,33,0.00030700635,0.0051331567,0.037115186,0.040480196
22,33,0.00048677853,0.0067250854,0.04108084,0.042400546
23,33,0.00075825694,0.008719477,0.045291346,0.04430243
24,33,0.0011603859,0.011188282,0.04973761,0.046181742
25,33,0.0017445714,0.014207502,0.054406676,0.04803415
26,33,0.0025767693,0.01785477,0.059281558,0.049855117
27,33,0.0037390653,0.022206187,0.0643412,0.051639922
28,33,0.005330292,0.0273324,0.069560386,0.053383715
29,33,0.0074651726,0.03329403,0.07490989,0.05508151
30,33,0.01027138,0.040136594,0.080356546,0.05672826
31,33,0.01388414,0.04788517,0.08586354,0.05831886
32,33,0.018437818,0.05653905,0.091390714,0.059848238
33,33,0.024054723,0.06606687,0.09689501,0.061311316
34,33,0.03083132,0.076402426,0.10233093,0.062703125
35,33,0.03882257,0.08744187,0.10765119,0.064018786
36,33,0.048026096,0.09904238,0.11280729,0.06525361
37,33,0.05836743,0.11102288,0.11775032,0.066403046
38,33,0.06968905,0.12316696,0.12243163,0.06746283
39,33,0.08174461,0.13522801,0.12680368,0.068428926
40,33,0.094200775,0.14693664,0.13082081,0.069297604
41,33,0.10664739,0.15801014,0.13444005,0.070065476
42,33,0.11861694,0.16816339,0.13762182,0.0707295
43,33,0.12961155,0.17712091,0.14033073,0.07128702
44,33,0.13913658,0.18462914,0.1425362,0.071735784
45,33,0.14673698,0.1904684,0.14421299,0.07207397
46,33,0.15203318,0.19446346,0.1453418,0.0723002
47,33,0.15475252,0.1964923,0.1459095,0.07241355
48,33,0.15475252,0.19649228,0.1459095,0.07241355
49,33,0.15203318,0.19446346,0.1453418,0.0723002
50,33,0.14673696,0.1904684,0.14421298,0.07207396
51,33,0.13913658,0.18462914,0.14253618,0.07173578
52,33,0.12961155,0.1771209,0.14033072,0.07128701
53,33,0.11861691,0.16816337,0.13762182,0.070729494
54,33,0.10664739,0.15801014,0.13444003,0.07006547
55,33,0.094200775,0.14693664,0.13082083,0.06929759
56,33,0.08174463,0.13522801,0.12680367,0.06842892
57,33,0.069689035,0.12316696,0.12243162,0.067462824
58,33,0.05836743,0.111022875,0.1177503,0.06640304
59,33,0.048026096,0.09904236,0.11280728,0.065253586
60,33,0.038822588,0.08744187,0.10765118,0.06401877
61,33,0.030831305,0.07640243,0.10233093,0.06270311
62,33,0.024054723,0.06606687,0.09689501,0.061311305
63,33,0.018437818,0.05653906,0.09139072,0.059848223
64,33,0.013884127,0.047885172,0.08586354,0.058318857
65,33,0.01027138,0.040136598,0.08035655,0.056728248
66,33,0.0074651726,0.033294033,0.074909896,0.055081505
67,33,0.005330297,0.0273324,0.06956039,0.05338371
68,33,0.0037390618,0.022206191,0.0643412,0.05163992
69,33,0.0025767693,0.017854773,0.059281558,0.049855113
70,33,0.0017445714,0.014207504,0.054406676,0.048034146
71,33,0.001160387,0.0111882845,0.049737614,0.046181735
72,33,0.00075825694,0.008719479,0.045291353,0.04430243
73,33,0.00048677853,0.006725087,0.041080847,0.04240055
74,33,0.00030700635,0.0051331576,0.037115194,0.040480196
75,33,0.0001902227,0.0038774798,0.033399846,0.038545214
76,33,0.00011579234,0.0028986225,0.029936858,0.036599167
77,33,6.924644e-05,0.0021444196,0.026725167,0.034645323
78,33,4.0683273e-05,0.0015700109,0.023760919,0.03268665
79,33,2.3481896e-05,0.0011375464,0.021037785,0.030725785
80,33,1.3315351e-05,0.00081565755,0.018547295,0.028765047
81,33,7.4177624e-06,0.0005787851,0.016279154,0.026806425
82,33,4.0596938e-06,0.0004064396,0.014221562,0.02485158
83,33,2.1827948e-06,0.00028245006,0.0123615125,0.022901839
84,33,1.1530153e-06,0.00019424543,0.010685054,0.020958224
85,33,5.9835276e-07,0.00013219546,0.009177535,0.01902144
86,33,3.0505572e-07,8.90272e-05,0.007823821,0.017091904
87,33,1.5279261e-07,5.9323716e-05,0.00660847,0.015169743
88,33,7.5184246e-08,3.910443e-05,0.005515879,0.013254837
89,33,3.6345632e-08,2.5481706e-05,0.004530402,0.011346828
90,33,1.7261383e-08,1.6385593e-05,0.0036364263,0.009445138
91,33,8.05382e-09,1.0347034e-05,0.0028184329,0.0075490098
92,33,3.6917198e-09,6.329497e-06,0.00206102,0.0056575234
93,33,1.6624785e-09,3.5992514e-06,0.0013489093,0.0037696336
94,33,7.354991e-10,1.6252054e-06,0.0006669321,0.0018841955
95,33,0.0,0.0,0.0,0.0
0,34,0.0,0.0,0.0,0.0
1,34,9.427025e-10,1.8839561e-06,0.00070448715,0.0019269778
2,34,2.1308204e-09,4.1720727e-06,0.001424864,0.0038552263
3,34,4.731735e-09,7.3362658e-06,0.0021770652,0.0057859826
4,34,1.0322707e-08,1.199171e-05,0.0029771118,0.007720416
5,34,2.2124226e-08,1.8988183e-05,0.003841139,0.009659597
6,34,4.6584585e-08,2.9525992e-05,0.004785413,0.011604465
7,34,9.6364815e-08,4.5306097e-05,0.0058263238,0.013555796
8,34,1.9583668e-07,6.872492e-05,0.0069803577,0.015514177
9,34,3.9099504e-07,0.000103125196,0.00826404,0.017479979
10,34,7.6691805e-07,0.00015311432,0.009693845,0.019453326
11,34,1.4778377e-06,0.00022496156,0.011286083,0.021434082
12,34,2.7977248e-06,0.00032708337,0.013056735,0.023421822
13,34,5.203363e-06,0.0004706232,0.015021272,0.025415827
14,34,9.507461e-06,0.00067012565,0.017194426,0.027415054
15,34,1.7066492e-05,0.0009442989,0.019589933,0.02941814
16,34,3.009714e-05,0.0013168448,0.022220252,0.031423386
17,34,5.2144336e-05,0.0018173272,0.025096249,0.033428766
18,34,8.8754234e-05,0.002482026,0.028226871,0.035431903
19,34,0.00014841284,0.0033547136,0.031618796,0.037430096
20,34,0.00024381209,0.004487264,0.035276096,0.039420318
21,34,0.00039349482,0.005939996,0.039199885,0.041399222
22,34,0.0006239119,0.007781621,0.04338799,0.043363165
23,34,0.00097187015,0.010088681,0.047834657,0.045308214
24,34,0.0014872847,0.01294435,0.052530274,0.04723018
25,34,0.0022360454,0.016436469,0.057461154,0.049124632
26,34,0.0033026855,0.020654764,0.06260937,0.050986927
27,34,0.00479242,0.025687167,0.06795266,0.052812245
28,34,0.0068319184,0.031615306,0.07346443,0.054595612
29,34,0.009568228,0.038509198,0.079113774,0.056331936
30,34,0.013164993,0.0464214,0.0848657,0.058016054
31,34,0.01779552,0.05538084,0.090681314,0.05964276
32,34,0.023632042,0.06538662,0.09651822,0.06120684
33,34,0.03083132,0.076402426,0.10233093,0.062703125
34,34,0.039516993,0.08835167,0.10807142,0.064126514
35,34,0.049759503,0.10111424,0.11368974,0.06547204
36,34,0.061555795,0.11452502,0.11913471,0.066734865
37,34,0.07481046,0.12837468,0.12435464,0.067910396
38,34,0.08932158,0.14241305,0.12929818,0.06899423
39,34,0.104773365,0.1563551,0.13391514,0.069982246
40,34,0.120738626,0.16988945,0.13815728,0.07087064
41,34,0.13669166,0.1826894,0.1419792,0.07165594
42,34,0.15203321,0.1944254,0.14533919,0.07233503
43,34,0.16612521,0.20477915,0.1481998,0.072905205
44,34,0.17833357,0.21345761,0.15052879,0.073364146
45,34,0.18807513,0.22020692,0.1522995,0.07371
46,34,0.19486333,0.22482458,0.15349151,0.07394137
47,34,0.19834876,0.22716956,0.15409102,0.07405729
48,34,0.19834876,0.22716957,0.15409102,0.07405729
49,34,0.19486333,0.22482456,0.15349151,0.073941365
50,34,0.1880751,0.22020692,0.1522995,0.07371
51,34,0.17833357,0.21345761,0.15052877,0.07336413
52,34,0.16612521,0.20477915,0.1481998,0.07290518
53,34,0.15203318,0.19442542,0.14533919,0.07233502
54,34,0.13669166,0.18268938,0.1419792,0.07165593
55,34,0.120738626,0.16988945,0.13815726,0.07087063
56,34,0.10477342,0.15635508,0.13391513,0.06998224
57,34,0.089321546,0.14241304,0.12929817,0.068994224
58,34,0.07481046,0.12837467,0.12435462,0.06791039
59,34,0.061555795,0.114525005,0.119134694,0.06673486
60,34,0.049759537,0.101114236,0.11368974,0.06547203
61,34,0.039516974,0.088351674,0.10807142,0.06412651
62,34,0.03083132,0.07640243,0.10233093,0.06270311
63,34,0.023632042,0.06538663,0.09651822,0.06120683
64,34,0.017795501,0.055380844,0.090681314,0.05964275
65,34,0.013164993,0.04642141,0.0848657,0.05801605
66,34,0.009568228,0.0385092,0.07911378,0.05633193
67,34,0.006831928,0.031615306,0.07346443,0.05459561
68,34,0.0047924137,0.025687171,0.06795266,0.05281224
69,34,0.0033026855,0.020654766,0.06260937,0.050986923
70,34,0.0022360454,0.016436473,0.057461154,0.04912463
71,34,0.0014872868,0.012944353,0.052530278,0.047230177
72,34,0.00097187015,0.010088683,0.04783466,0.045308214
73,34,0.0006239119,0.007781622,0.043387998,0.04336317
74,34,0.00039349482,0.0059399973,0.03919989,0.041399222
75,34,0.00024381162,0.004487265,0.035276104,0.039420325
76,34,0.00014841284,0.003354714,0.031618804,0.0374301
77,34,8.8754234e-05,0.0024820263,0.028226878,0.035431907
78,34,5.2144336e-05,0.0018173275,0.025096258,0.03342877
79,34,3.0097113e-05,0.0013168451,0.02222026,0.031423397
80,34,1.7066492e-05,0.00094429904,0.01958994,0.029418146
81,34,9.507461e-06,0.00067012577,0.017194431,0.027415061
82,34,5.203373e-06,0.00047062326,0.015021278,0.025415834
83,34,2.7977248e-06,0.00032708346,0.013056739,0.02342183
84,34,1.4778377e-06,0.00022496161,0.011286086,0.02143409
85,34,7.6691805e-07,0.00015311435,0.009693848,0.019453334
86,34,3.9099467e-07,0.00010312522,0.008264042,0.017479986
87,34,1.9583668e-07,6.872494e-05,0.00698036,0.015514185
88,34,9.6364815e-08,4.530611e-05,0.005826326,0.013555802
89,34,4.6584763e-08,2.9526e-05,0.0047854153,0.01160447
90,34,2.2124183e-08,1.8988188e-05,0.0038411412,0.009659602
91,34,1.0322707e-08,1.1991713e-05,0.0029771135,0.00772042
92,34,4.731735e-09,7.3362676e-06,0.0021770666,0.0057859854
93,34,2.1308246e-09,4.1720737e-06,0.0014248647,0.0038552284
94,34,9.427007e-10,1.8839564e-06,0.0007044875,0.0019269789
95,34,0.0,0.0,0.0,0.0
0,35,0.0,0.0,0.0,0.0
1,35,1.1870439e-09,2.1609665e-06,0.00074125046,0.001967421
2,35,2.6831133e-09,4.785286e-06,0.0014992171,0.0039361394
3,35,5.958165e-09,8.413946e-06,0.002290664,0.0059074177
4,35,1.2998275e-08,1.375207e-05,0.0031324443,0.00788245
5,35,2.785866e-08,2.1773563e-05,0.0040415335,0.00986233
6,35,5.8659072e-08,3.385389e-05,0.0050350428,0.011848015
7,35,1.2134197e-07,5.1941992e-05,0.006130215,0.013840299
8,35,2.465963e-07,7.87834e-05,0.007344392,0.01583978
9,35,4.923385e-07,0.00011820735,0.008694958,0.017846836
10,35,9.656984e-07,0.00017549135,0.010199245,0.019861596
11,35,1.8608821e-06,0.00025781573,0.011874407,0.021883916
12,35,3.522874e-06,0.00037481927,0.013737255,0.023913369
13,35,6.5520358e-06,0.0005392622,0.015804065,0.025949217
14,35,1.1971713e-05,0.0007677985,0.018090328,0.027990395
15,35,2.149e-05,0.0010818471,0.020610498,0.030035513
16,35,3.789813e-05,0.0015085421,0.023377676,0.03208284
17,35,6.5659755e-05,0.0020817253,0.026403287,0.03413029
18,35,0.000111758665,0.0028429232,0.029696746,0.03617546
19,35,0.00018688035,0.0038422337,0.033265077,0.038215578
20,35,0.00030700635,0.0051390235,0.03711255,0.040247556
21,35,0.0004954857,0.0068023154,0.041240346,0.04226798
22,35,0.00078562525,0.008910732,0.045646172,0.044273123
23,35,0.0012237716,0.011551849,0.05032397,0.04625898
24,35,0.0018727777,0.014820816,0.05526363,0.048221268
25,35,0.0028156117,0.018818121,0.060450748,0.05015546
26,35,0.004158715,0.02364639,0.06586646,0.052056827
27,35,0.00603458,0.02940619,0.07148737,0.053920433
28,35,0.008602705,0.03619086,0.07728547,0.05574121
29,35,0.012048247,0.04408045,0.083228275,0.05751396
30,35,0.016577253,0.053135034,0.08927896,0.0592334
31,35,0.022407979,0.0633876,0.09539661,0.06089423
32,35,0.029757291,0.0748371,0.10153663,0.06249112
33,35,0.03882257,0.08744187,0.10765119,0.064018786
34,35,0.049759503,0.10111424,0.11368974,0.06547204
35,35,0.06265679,0.11571674,0.119599774,0.06684578
36,35,0.077510595,0.13106045,0.12532742,0.068135105
37,35,0.09420075,0.14690585,0.13081834,0.06933528
38,35,0.11247305,0.16296676,0.13601851,0.07044185
39,35,0.13192983,0.17891708,0.14087513,0.07145059
40,35,0.15203318,0.19440068,0.14533748,0.07235762
41,35,0.1721211,0.20904383,0.14935778,0.07315939
42,35,0.19143909,0.22246963,0.15289214,0.073852725
43,35,0.20918359,0.23431398,0.15590125,0.07443485
44,35,0.22455627,0.24424176,0.1583511,0.07490343
45,35,0.23682275,0.25196257,0.16021371,0.07525654
46,35,0.24537043,0.25724488,0.1614676,0.07549276
47,35,0.24975929,0.25992742,0.16209823,0.075611115
48,35,0.24975929,0.25992742,0.16209821,0.07561111
49,35,0.24537043,0.25724488,0.1614676,0.07549275
50,35,0.23682272,0.25196257,0.16021371,0.075256534
51,35,0.22455627,0.24424176,0.1583511,0.07490341
52,35,0.20918359,0.23431398,0.15590124,0.07443485
53,35,0.19143902,0.22246961,0.15289216,0.07385271
54,35,0.1721211,0.20904383,0.14935778,0.07315938
55,35,0.15203318,0.19440068,0.14533746,0.07235761
56,35,0.1319299,0.17891708,0.14087512,0.07145058
57,35,0.11247302,0.16296674,0.13601851,0.07044184
58,35,0.09420075,0.14690584,0.13081834,0.06933528
59,35,0.077510595,0.13106044,0.12532741,0.06813509
60,35,0.06265682,0.11571675,0.11959977,0.066845775
61,35,0.049759466,0.10111424,0.11368974,0.06547203
62,35,0.03882257,0.08744187,0.107651174,0.06401877
63,35,0.029757291,0.07483711,0.10153663,0.062491104
64,35,0.022407964,0.06338762,0.09539661,0.06089422
65,35,0.016577253,0.053135037,0.08927895,0.059233397
66,35,0.012048247,0.044080455,0.083228275,0.057513952
67,35,0.008602709,0.036190864,0.07728547,0.055741206
68,35,0.006034574,0.029406194,0.07148737,0.05392043
69,35,0.004158715,0.023646394,0.06586646,0.052056823
70,35,0.0028156117,0.018818125,0.060450748,0.05015546
71,35,0.0018727795,0.014820819,0.05526363,0.048221264
72,35,0.0012237716,0.0115518505,0.050323974,0.046258982
73,35,0.00078562525,0.008910734,0.045646176,0.044273123
74,35,0.0004954857,0.0068023168,0.041240353,0.042267982
75,35,0.00030700577,0.0051390245,0.037112556,0.04024756
76,35,0.00018688035,0.0038422344,0.033265084,0.03821558
77,35,0.000111758665,0.0028429236,0.029696757,0.036175467
78,35,6.5659755e-05,0.0020817257,0.026403299,0.0341303
79,35,3.789806e-05,0.0015085423,0.023377683,0.032082845
80,35,2.149e-05,0.0010818472,0.020610506,0.03003552
81,35,1.1971713e-05,0.0007677986,0.018090334,0.027990403
82,35,6.5520544e-06,0.0005392624,0.01580407,0.025949225
83,35,3.522874e-06,0.00037481933,0.01373726,0.02391338
84,35,1.8608821e-06,0.00025781582,0.01187441,0.021883924
85,35,9.656984e-07,0.0001754914,0.010199249,0.019861603
86,35,4.9233756e-07,0.00011820739,0.008694961,0.017846843
87,35,2.465963e-07,7.878342e-05,0.0073443945,0.015839787
88,35,1.2134197e-07,5.194201e-05,0.0061302176,0.013840305
89,35,5.8659182e-08,3.38539e-05,0.0050350456,0.01184802
90,35,2.7858606e-08,2.177357e-05,0.004041536,0.0098623345
91,35,1.2998275e-08,1.3752075e-05,0.003132446,0.007882454
92,35,5.958165e-09,8.413948e-06,0.002290665,0.005907421
93,35,2.6831184e-09,4.7852873e-06,0.0014992178,0.0039361417
94,35,1.1870394e-09,2.160967e-06,0.00074125075,0.0019674222
95,35,0.0,0.0,0.0,0.0
0,36,0.0,0.0,0.0,0.0
1,36,1.4684507e-09,2.4526773e-06,0.0007768857,0.0020053792
2,36,3.3191863e-09,5.4310117e-06,0.0015712889,0.004012081
3,36,7.370639e-09,9.548685e-06,0.0024007764,0.006021391
4,36,1.6079715e-08,1.5605481e-05,0.0032830099,0.008034528
5,36,3.4463046e-08,2.470591e-05,0.004235777,0.010052605
6,36,7.25651e-08,3.840972e-05,0.005277009,0.012076599
7,36,1.5010808e-07,5.8926726e-05,0.006424775,0.014107319
8,36,3.0505572e-07,8.936965e-05,0.007697246,0.016145375
9,36,6.0905484e-07,0.00013407946,0.009112639,0.01819115
10,36,1.194632e-06,0.00019903833,0.010689115,0.020244775
11,36,2.3020327e-06,0.00029238474,0.01244465,0.02230611
12,36,4.3580253e-06,0.00042504244,0.014396857,0.024374714
13,36,8.105296e-06,0.00061147194,0.01656279,0.026449831
14,36,1.4809819e-05,0.0008705443,0.018958678,0.028530385
15,36,2.6584532e-05,0.001226528,0.02159967,0.030614952
16,36,4.6882462e-05,0.0017101652,0.024499487,0.032701768
17,36,8.122548e-05,0.0023597935,0.027670108,0.034788713
18,36,0.0001382529,0.0032224534,0.03112138,0.036873322
19,36,0.00023118341,0.00435489,0.034860674,0.038952794
20,36,0.0003797871,0.0058243424,0.03889246,0.041023962
21,36,0.0006129488,0.0077089793,0.043217964,0.04308335
22,36,0.0009718706,0.010097834,0.04783479,0.045127165
23,36,0.0015138868,0.013090075,0.05273659,0.04715132
24,36,0.0023167494,0.016793435,0.057912756,0.04915145
25,36,0.0034830987,0.021321677,0.063348204,0.051122945
26,36,0.0051446063,0.026790982,0.06902316,0.05306098
27,36,0.0074651726,0.033315185,0.0749131,0.054960523
28,36,0.010642112,0.040999915,0.0809887,0.05681641
29,36,0.014904475,0.04993576,0.08721589,0.058623344
30,36,0.020507164,0.060190663,0.09355609,0.060375944
31,36,0.027720151,0.07180192,0.09996645,0.062068798
32,36,0.03681174,0.084768236,0.10640023,0.063696474
33,36,0.048026096,0.09904238,0.11280729,0.06525361
34,36,0.061555795,0.11452502,0.11913471,0.06673487
35,36,0.077510595,0.13106045,0.12532742,0.06813511
36,36,0.09588574,0.1484347,0.13132901,0.06944928
37,36,0.116532564,0.1663766,0.13708255,0.07067261
38,36,0.13913663,0.18456209,0.14253141,0.07180051
39,36,0.16320595,0.20262197,0.14762029,0.0728287
40,36,0.1880751,0.22015308,0.152296,0.073753215
41,36,0.21292518,0.2367323,0.15650856,0.07457045
42,36,0.23682281,0.251933,0.16021194,0.07527715
43,36,0.25877398,0.26534304,0.1633649,0.0758705
44,36,0.27779102,0.27658305,0.1659319,0.0763481
45,36,0.29296544,0.2853243,0.16788356,0.076708026
46,36,0.30353948,0.2913047,0.16919741,0.0769488
47,36,0.30896878,0.29434174,0.16985819,0.07706943
48,36,0.30896878,0.29434177,0.16985819,0.07706943
49,36,0.30353948,0.2913047,0.16919741,0.0769488
50,36,0.29296538,0.2853243,0.16788357,0.076708026
51,36,0.27779102,0.27658305,0.16593188,0.076348096
52,36,0.25877398,0.26534304,0.1633649,0.07587049
53,36,0.23682272,0.251933,0.16021194,0.075277135
54,36,0.21292518,0.2367323,0.15650856,0.07457044
55,36,0.1880751,0.22015308,0.152296,0.073753215
56,36,0.16320601,0.20262195,0.14762028,0.072828695
57,36,0.13913657,0.18456207,0.14253141,0.07180051
58,36,0.116532564,0.16637659,0.13708253,0.0706726
59,36,0.09588574,0.1484347,0.13132901,0.069449276
60,36,0.077510655,0.13106044,0.12532741,0.06813509
61,36,0.061555766,0.11452501,0.1191347,0.06673486
62,36,0.048026096,0.09904238,0.11280729,0.065253586
63,36,0.03681174,0.08476824,0.10640022,0.06369647
64,36,0.027720138,0.07180192,0.09996645,0.062068786
65,36,0.020507164,0.06019067,0.0935561,0.060375936
66,36,0.014904475,0.049935766,0.08721589,0.058623336
67,36,0.0106421225,0.040999923,0.08098869,0.056816403
68,36,0.0074651656,0.03331519,0.0749131,0.05496052
69,36,0.0051446063,0.026790988,0.06902316,0.053060975
70,36,0.0034830987,0.021321684,0.063348204,0.051122945
71,36,0.0023167527,0.01679344,0.057912756,0.04915145
72,36,0.0015138868,0.013090079,0.05273659,0.047151323
73,36,0.0009718706,0.010097836,0.0478348,0.04512717
74,36,0.0006129488,0.0077089807,0.043217972,0.043083355
75,36,0.00037978654,0.0058243433,0.038892467,0.041023966
76,36,0.00023118341,0.0043548904,0.034860678,0.038952798
77,36,0.0001382529,0.0032224536,0.03112139,0.03687333
78,36,8.122548e-05,0.002359794,0.027670115,0.03478872
79,36,4.688242e-05,0.0017101654,0.024499498,0.032701775
80,36,2.6584532e-05,0.0012265283,0.021599678,0.03061496
81,36,1.4809819e-05,0.0008705444,0.018958688,0.028530393
82,36,8.1053195e-06,0.000611472,0.016562795,0.02644984
83,36,4.3580253e-06,0.0004250425,0.014396863,0.024374723
84,36,2.3020327e-06,0.0002923848,0.012444654,0.02230612
85,36,1.194632e-06,0.00019903839,0.01068912,0.020244785
86,36,6.090537e-07,0.0001340795,0.009112642,0.018191157
87,36,3.0505572e-07,8.936968e-05,0.0076972493,0.016145382
88,36,1.5010808e-07,5.8926747e-05,0.0064247777,0.014107325
89,36,7.2565236e-08,3.840973e-05,0.005277012,0.012076604
90,36,3.4462914e-08,2.4705918e-05,0.0042357794,0.01005261
91,36,1.6079715e-08,1.5605485e-05,0.0032830115,0.008034533
92,36,7.370639e-09,9.548688e-06,0.0024007775,0.006021395
93,36,3.3191925e-09,5.431013e-06,0.0015712895,0.004012083
94,36,1.4684479e-09,2.452678e-06,0.0007768861,0.0020053806
95,36,0.0,0.0,0.0,0.0
0,37,0.0,0.0,0.0,0.0
1,37,1.784651e-09,2.7545361e-06,0.00081105396,0.0020407136
2,37,4.033896e-09,6.099171e-06,0.0016403932,0.0040827724
3,37,8.957753e-09,1.07227725e-05,0.002506355,0.006127486
4,37,1.9542146e-08,1.7523014e-05,0.0034273753,0.008176094
5,37,4.1883865e-08,2.7739454e-05,0.0044220216,0.010229727
6,37,8.819048e-08,4.312237e-05,0.0055090105,0.012289382
7,37,1.8243055e-07,6.6151275e-05,0.0067072017,0.01435588
8,37,3.7074275e-07,0.000100318444,0.008035564,0.016429842
9,37,7.402014e-07,0.00015049375,0.009513112,0.01851166
10,37,1.4518696e-06,0.00022338775,0.0111588,0.02060147
11,37,2.7977273e-06,0.00032812887,0.012991389,0.02269912
12,37,5.296435e-06,0.00047696897,0.015029268,0.024804164
13,37,9.8506025e-06,0.0006861251,0.017290233,0.026915839
14,37,1.799877e-05,0.000976759,0.019791225,0.029033042
15,37,3.2308955e-05,0.0013760835,0.022548048,0.03115433
16,37,5.697757e-05,0.0019185669,0.02557503,0.033277906
17,37,9.871551e-05,0.0026471913,0.028884666,0.035401613
18,37,0.00016802245,0.003614692,0.03248724,0.037522946
19,37,0.0002809634,0.0048846803,0.036390428,0.039639045
20,37,0.00046156565,0.006532523,0.04059891,0.041746695
21,37,0.00074493344,0.008645835,0.04511396,0.043842353
22,37,0.0011811404,0.011324401,0.049933065,0.045922168
23,37,0.0018398681,0.014679354,0.0550496,0.04798197
24,37,0.0028156103,0.018831415,0.0604525,0.050017323
25,37,0.0042331032,0.023908064,0.066126004,0.052023545
26,37,0.0062523843,0.030039458,0.07204948,0.053995706
27,37,0.009072633,0.037353132,0.07819734,0.055928703
28,37,0.01293365,0.045967404,0.084538944,0.057817277
29,37,0.018113816,0.05598373,0.09103876,0.05965603
30,37,0.024922919,0.067478165,0.09765652,0.06143949
31,37,0.03368907,0.08049244,0.10434747,0.063162155
32,37,0.044738315,0.09502502,0.11106285,0.0648185
33,37,0.05836743,0.11102288,0.11775032,0.066403046
34,37,0.07481046,0.12837468,0.12435464,0.0679104
35,37,0.09420075,0.14690585,0.13081834,0.06933528
36,37,0.116532564,0.1663766,0.13708255,0.07067261
37,37,0.14162524,0.186483,0.1430878,0.07191748
38,37,0.16909656,0.20686193,0.14877507,0.073065236
39,37,0.1983487,0.22709975,0.15408659,0.07411153
40,37,0.22857283,0.24674466,0.15896687,0.07505233
41,37,0.2587738,0.26532266,0.16336372,0.07588395
42,37,0.28781727,0.28235567,0.16722909,0.07660309
43,37,0.31449515,0.29738203,0.17052,0.07720689
44,37,0.337607,0.30997664,0.17319927,0.077692896
45,37,0.35604894,0.31977135,0.17523631,0.07805916
46,37,0.36889985,0.32647243,0.17660762,0.07830417
47,37,0.37549824,0.32987544,0.1772973,0.07842693
48,37,0.37549824,0.32987544,0.1772973,0.07842693
49,37,0.3688999,0.32647243,0.17660762,0.07830417
50,37,0.3560489,0.31977135,0.1752363,0.07805915
51,37,0.337607,0.30997664,0.17319927,0.077692896
52,37,0.31449515,0.297382,0.17052,0.07720688
53,37,0.28781718,0.28235567,0.16722909,0.076603085
54,37,0.2587738,0.26532266,0.16336372,0.07588394
55,37,0.22857283,0.24674466,0.15896687,0.07505232
56,37,0.19834875,0.22709973,0.15408659,0.07411153
57,37,0.16909648,0.20686194,0.14877507,0.07306523
58,37,0.14162524,0.186483,0.14308782,0.071917474
59,37,0.116532564,0.1663766,0.13708253,0.0706726
60,37,0.09420082,0.14690585,0.13081834,0.06933528
61,37,0.07481041,0.12837468,0.12435463,0.06791039
62,37,0.05836743,0.11102288,0.11775031,0.06640304
63,37,0.044738315,0.09502502,0.11106284,0.06481849
64,37,0.033689044,0.08049244,0.104347475,0.06316215
65,37,0.024922919,0.06747817,0.09765652,0.061439488
66,37,0.018113816,0.055983733,0.09103876,0.05965602
67,37,0.012933663,0.04596741,0.08453895,0.05781727
68,37,0.00907262,0.03735314,0.07819734,0.055928703
69,37,0.0062523843,0.030039465,0.07204949,0.0539957
70,37,0.0042331032,0.02390807,0.066126004,0.05202354
71,37,0.0028156142,0.018831419,0.060452495,0.050017327
72,37,0.0018398681,0.0146793565,0.055049606,0.047981974
73,37,0.0011811404,0.011324404,0.04993307,0.04592217
74,37,0.00074493344,0.008645836,0.045113966,0.043842357
75,37,0.00046156478,0.006532524,0.040598918,0.0417467
76,37,0.0002809634,0.0048846803,0.03639044,0.03963905
77,37,0.00016802245,0.0036146925,0.032487247,0.037522953
78,37,9.871551e-05,0.0026471918,0.028884673,0.03540162
79,37,5.697746e-05,0.0019185671,0.025575038,0.033277914
80,37,3.2308955e-05,0.0013760836,0.022548057,0.031154338
81,37,1.799877e-05,0.0009767592,0.019791232,0.029033052
82,37,9.850622e-06,0.0006861252,0.01729024,0.026915848
83,37,5.296435e-06,0.00047696906,0.015029275,0.024804173
84,37,2.7977273e-06,0.00032812898,0.012991396,0.022699127
85,37,1.4518696e-06,0.0002233878,0.011158804,0.020601477
86,37,7.4020073e-07,0.0001504938,0.0095131155,0.018511668
87,37,3.7074275e-07,0.00010031847,0.008035568,0.01642985
88,37,1.8243055e-07,6.61513e-05,0.0067072045,0.014355888
89,37,8.819065e-08,4.312238e-05,0.005509013,0.012289388
90,37,4.1883784e-08,2.7739461e-05,0.004422024,0.010229733
91,37,1.9542146e-08,1.7523018e-05,0.0034273772,0.008176098
92,37,8.957753e-09,1.0722775e-05,0.0025063565,0.0061274893
93,37,4.0339114e-09,6.099173e-06,0.001640394,0.004082775
94,37,1.7846475e-09,2.7545366e-06,0.0008110543,0.002040715
95,37,0.0,0.0,0.0,0.0
0,38,0.0,0.0,0.0,0.0
1,38,2.1308204e-09,3.0610652e-06,0.00084341783,0.0020732917
2,38,4.8163615e-09,6.777642e-06,0.0017058484,0.00414795
3,38,1.0695292e-08,1.1914909e-05,0.0026063586,0.0062253056
4,38,2.3332744e-08,1.946989e-05,0.003564117,0.008306616
5,38,5.0008097e-08,3.0819185e-05,0.0045984294,0.010393033
6,38,1.0529683e-07,4.7906393e-05,0.005728757,0.0124855675
7,38,2.1781669e-07,7.348466e-05,0.0069747097,0.0145850545
8,38,4.426563e-07,0.000111431335,0.00835601,0.016692124
9,38,8.837794e-07,0.00016715282,0.0098924255,0.018807175
10,38,1.7334911e-06,0.0002480984,0.0116036665,0.020930339
11,38,3.3404037e-06,0.00036440074,0.013509238,0.023061473
12,38,6.3237867e-06,0.0005296584,0.015628258,0.02520012
13,38,1.1761328e-05,0.00076186983,0.017979227,0.027345497
14,38,2.149004e-05,0.0010845198,0.02057976,0.029496495
15,38,3.8575938e-05,0.0015278058,0.023446288,0.031651642
16,38,6.80296e-05,0.002129975,0.026593704,0.033809107
17,38,0.00011786362,0.0029387178,0.030034998,0.03596671
18,38,0.00020061422,0.0040125423,0.03378086,0.038121898
19,38,0.00033546262,0.0054220185,0.037839275,0.040271766
20,38,0.0005510965,0.007250755,0.042215094,0.04241305
21,38,0.00088942976,0.009595938,0.04690965,0.044542152
22,38,0.0014102494,0.012568248,0.051920325,0.04665516
23,38,0.0021967501,0.016290942,0.05724023,0.04874783
24,38,0.0033617585,0.02089791,0.06285785,0.050815664
25,38,0.00505421,0.026530517,0.068756804,0.052853893
26,38,0.0074651693,0.033333097,0.07491565,0.054857526
27,38,0.010832466,0.041447047,0.081307754,0.05682137
28,38,0.015442418,0.05100355,0.08790128,0.058740072
29,38,0.021627393,0.062115055,0.09465928,0.060608163
30,38,0.02975727,0.074865855,0.10153988,0.06242009
31,38,0.04022381,0.089302145,0.10849656,0.064170234
32,38,0.053416286,0.10542214,0.11547861,0.06585301
33,38,0.06968905,0.12316697,0.12243163,0.06746283
34,38,0.08932158,0.14241305,0.12929818,0.06899423
35,38,0.11247305,0.16296676,0.13601851,0.07044185
36,38,0.13913663,0.18456207,0.14253141,0.07180051
37,38,0.16909656,0.20686193,0.14877507,0.073065236
38,38,0.20189656,0.22946362,0.15468812,0.07423131
39,38,0.23682275,0.25190836,0.16021046,0.07529429
40,38,0.27290958,0.2736953,0.16528445,0.0762501
41,38,0.3089687,0.2942986,0.16985582,0.07709499
42,38,0.34364575,0.3131883,0.1738746,0.0778256
43,38,0.37549838,0.3298524,0.17729612,0.078439035
44,38,0.4030933,0.34381968,0.18008173,0.0789328
45,38,0.42511246,0.35468176,0.18219961,0.079304904
46,38,0.4404561,0.3621131,0.18362536,0.07955382
47,38,0.4483344,0.3658869,0.18434241,0.079678535
48,38,0.4483344,0.3658869,0.18434241,0.079678535
49,38,0.44045612,0.3621131,0.18362536,0.07955381
50,38,0.4251124,0.35468173,0.18219961,0.0793049
51,38,0.4030933,0.34381965,0.18008173,0.07893279
52,38,0.37549838,0.32985237,0.17729612,0.07843902
53,38,0.34364566,0.31318828,0.1738746,0.0778256
54,38,0.3089687,0.29429856,0.16985582,0.07709498
55,38,0.27290958,0.27369526,0.16528445,0.0762501
56,38,0.23682287,0.25190836,0.16021046,0.07529429
57,38,0.20189646,0.2294636,0.15468812,0.0742313
58,38,0.16909656,0.20686193,0.14877507,0.07306523
59,38,0.13913663,0.18456207,0.14253141,0.07180051
60,38,0.11247313,0.16296676,0.13601851,0.07044185
61,38,0.089321524,0.14241305,0.12929818,0.068994224
62,38,0.06968905,0.12316697,0.12243163,0.067462824
63,38,0.053416286,0.10542214,0.11547861,0.065853
64,38,0.04022377,0.089302145,0.10849656,0.06417023
65,38,0.02975727,0.07486586,0.10153987,0.062420078
66,38,0.021627393,0.06211506,0.094659284,0.060608156
67,38,0.015442433,0.051003557,0.08790128,0.058740065
68,38,0.010832456,0.041447055,0.081307754,0.05682136
69,38,0.0074651693,0.0333331,0.074915655,0.054857522
70,38,0.00505421,0.026530523,0.068756804,0.05285389
71,38,0.0033617618,0.020897916,0.06285785,0.050815664
72,38,0.0021967501,0.016290948,0.057240233,0.048747834
73,38,0.0014102494,0.012568251,0.051920332,0.046655156
74,38,0.00088942976,0.00959594,0.046909656,0.044542156
75,38,0.00055109547,0.007250756,0.042215105,0.042413052
76,38,0.00033546262,0.0054220194,0.037839286,0.04027177
77,38,0.00020061422,0.0040125432,0.03378087,0.038121905
78,38,0.00011786362,0.002938718,0.030035008,0.035966717
79,38,6.8029534e-05,0.0021299755,0.026593713,0.033809114
80,38,3.8575938e-05,0.001527806,0.023446297,0.03165165
81,38,2.149004e-05,0.00108452,0.020579768,0.029496502
82,38,1.1761362e-05,0.00076187,0.017979234,0.027345506
83,38,6.3237867e-06,0.0005296585,0.015628265,0.025200127
84,38,3.3404037e-06,0.00036440082,0.013509245,0.023061482
85,38,1.7334911e-06,0.00024809845,0.011603672,0.020930348
86,38,8.837778e-07,0.00016715287,0.00989243,0.018807182
87,38,4.426563e-07,0.00011143137,0.008356013,0.016692132
88,38,2.1781669e-07,7.348468e-05,0.006974713,0.014585062
89,38,1.05297026e-07,4.7906407e-05,0.00572876,0.012485574
90,38,5.0008e-08,3.0819196e-05,0.0045984318,0.010393039
91,38,2.3332744e-08,1.9469893e-05,0.0035641186,0.008306621
92,38,1.0695292e-08,1.1914912e-05,0.00260636,0.006225309
93,38,4.816371e-09,6.777643e-06,0.0017058493,0.0041479524
94,38,2.1308164e-09,3.0610659e-06,0.0008434183,0.0020732929
95,38,0.0,0.0,0.0,0.0
0,39,0.0,0.0,0.0,0.0
1,39,2.4994344e-09,3.3659926e-06,0.00087364786,0.00210299
2,39,5.649541e-09,7.452543e-06,0.0017669877,0.0042073666
3,39,1.2545486e-08,1.3100711e-05,0.0026997677,0.006314478
4,39,2.7369111e-08,2.1406297e-05,0.0036918414,0.008425602
5,39,5.8659072e-08,3.388215e-05,0.0047632046,0.010541905
6,39,1.2351217e-07,5.266404e-05,0.0059340126,0.012664412
7,39,2.5549713e-07,8.07771e-05,0.0072245747,0.014793971
8,39,5.192316e-07,0.00012248139,0.008655319,0.01693122
9,39,1.0366648e-06,0.00018371655,0.010246719,0.019076565
10,39,2.0333684e-06,0.000272666,0.012019186,0.021230139
11,39,3.9182655e-06,0.00040046027,0.013992922,0.023391796
12,39,7.417741e-06,0.00058203604,0.016187726,0.02556107
13,39,1.3795925e-05,0.00083716173,0.01862276,0.027737176
14,39,2.520761e-05,0.0011916299,0.021316262,0.02991898
15,39,4.524925e-05,0.0016786035,0.024285251,0.032104988
16,39,7.979806e-05,0.0023400825,0.027545147,0.034293354
17,39,0.0001382529,0.0032284348,0.031109404,0.03648185
18,39,0.00023531856,0.0044079027,0.034989092,0.038667906
19,39,0.00039349444,0.0059559676,0.039192475,0.040848557
20,39,0.0006464306,0.00796442,0.04372459,0.0430205
21,39,0.0010432926,0.010539955,0.048586786,0.045180093
22,39,0.0016542083,0.013804071,0.053776376,0.04732335
23,39,0.002576767,0.017892065,0.059286207,0.04944599
24,39,0.0039433124,0.022950899,0.06510436,0.05154343
25,39,0.005928537,0.02913572,0.07121387,0.053610843
26,39,0.008756576,0.03660494,0.07759253,0.05564316
27,39,0.012706385,0.045513723,0.08421273,0.057635117
28,39,0.018113809,0.05600601,0.091041535,0.05958129
29,39,0.02536873,0.06820517,0.098040655,0.06147613
30,39,0.034905,0.08220366,0.10516673,0.06331399
31,39,0.047182154,0.09805209,0.11237158,0.065089196
32,39,0.062656805,0.11574844,0.11960267,0.06679605
33,39,0.08174461,0.13522801,0.12680368,0.068428926
34,39,0.104773365,0.1563551,0.13391514,0.069982246
35,39,0.13192983,0.1789171,0.14087513,0.07145059
36,39,0.16320595,0.20262197,0.14762028,0.072828695
37,39,0.1983487,0.22709975,0.15408659,0.07411153
38,39,0.23682275,0.25190836,0.16021046,0.07529429
39,39,0.27779087,0.2765444,0.16592969,0.076372504
40,39,0.32012036,0.30045792,0.1711846,0.07734199
41,39,0.36241737,0.3230721,0.17591895,0.07819896
42,39,0.40309322,0.34380525,0.18008101,0.07894004
43,39,0.44045603,0.3620954,0.1836245,0.07956225
44,39,0.47282466,0.3774254,0.18650942,0.08006308
45,39,0.49865294,0.38934726,0.1887028,0.080440514
46,39,0.51665086,0.39750353,0.19017938,0.08069299
47,39,0.525892,0.4016455,0.19092198,0.0808195
48,39,0.525892,0.4016455,0.19092198,0.080819495
49,39,0.5166509,0.39750353,0.19017936,0.080693
50,39,0.49865285,0.38934723,0.1887028,0.08044051
51,39,0.47282466,0.37742537,0.18650942,0.08006308
52,39,0.44045603,0.36209533,0.18362449,0.07956225
53,39,0.40309313,0.34380522,0.18008101,0.07894004
54,39,0.36241737,0.3230721,0.17591895,0.07819896
55,39,0.32012036,0.30045792,0.1711846,0.07734199
56,39,0.27779102,0.2765444,0.16592969,0.076372504
57,39,0.23682265,0.25190836,0.16021046,0.07529429
58,39,0.1983487,0.22709975,0.15408659,0.07411153
59,39,0.16320595,0.20262197,0.14762029,0.072828695
60,39,0.1319299,0.1789171,0.14087513,0.07145059
61,39,0.10477331,0.1563551,0.13391513,0.06998224
62,39,0.08174461,0.13522802,0.1268037,0.06842892
63,39,0.062656805,0.11574844,0.11960267,0.06679604
64,39,0.04718211,0.0980521,0.11237157,0.06508918
65,39,0.034905,0.082203664,0.10516673,0.06331398
66,39,0.02536873,0.06820518,0.098040655,0.06147612
67,39,0.018113825,0.056006014,0.09104154,0.059581283
68,39,0.012706367,0.045513734,0.084212735,0.05763511
69,39,0.008756576,0.03660495,0.07759254,0.055643156
70,39,0.005928537,0.029135726,0.07121388,0.05361084
71,39,0.003943316,0.0229509,0.06510437,0.05154343
72,39,0.002576767,0.017892068,0.059286214,0.04944599
73,39,0.0016542083,0.0138040725,0.053776383,0.047323354
74,39,0.0010432926,0.010539956,0.048586793,0.045180097
75,39,0.0006464297,0.007964421,0.0437246,0.043020505
76,39,0.00039349444,0.005955968,0.039192487,0.04084856
77,39,0.00023531856,0.004407903,0.034989104,0.03866791
78,39,0.0001382529,0.0032284355,0.031109415,0.03648186
79,39,7.979799e-05,0.002340083,0.027545156,0.03429336
80,39,4.524925e-05,0.0016786037,0.024285259,0.032104995
81,39,2.520761e-05,0.0011916301,0.021316271,0.029918987
82,39,1.3795964e-05,0.00083716196,0.018622767,0.027737185
83,39,7.417741e-06,0.00058203615,0.016187733,0.02556108
84,39,3.9182655e-06,0.00040046035,0.013992929,0.023391804
85,39,2.0333684e-06,0.00027266605,0.012019191,0.021230148
86,39,1.0366638e-06,0.0001837166,0.010246724,0.019076573
87,39,5.192316e-07,0.00012248142,0.008655323,0.016931228
88,39,2.5549713e-07,8.077712e-05,0.0072245784,0.014793978
89,39,1.2351241e-07,5.2664054e-05,0.0059340154,0.012664419
90,39,5.865896e-08,3.3882156e-05,0.004763207,0.010541911
91,39,2.7369111e-08,2.1406304e-05,0.0036918432,0.008425607
92,39,1.2545486e-08,1.3100715e-05,0.002699769,0.0063144816
93,39,5.649562e-09,7.4525447e-06,0.0017669887,0.004207369
94,39,2.4994296e-09,3.365993e-06,0.0008736483,0.0021029913
95,39,0.0,0.0,0.0,0.0
0,40,0.0,0.0,0.0,0.0
1,40,2.8802958e-09,3.66244e-06,0.0009014271,0.0021296942
2,40,6.5104246e-09,8.108655e-06,0.0018231705,0.0042607915
3,40,1.4457128e-08,1.4253446e-05,0.0027856042,0.00639466
4,40,3.153959e-08,2.32886e-05,0.0038092108,0.008532591
5,40,6.759748e-08,3.6859343e-05,0.00491462,0.0106757665
6,40,1.4233296e-07,5.7288173e-05,0.006122625,0.012825225
7,40,2.944298e-07,8.786444e-05,0.00745418,0.014981823
8,40,5.9835105e-07,0.00013322,0.008930358,0.01714621
9,40,1.1946297e-06,0.00019981245,0.010572282,0.019318791
10,40,2.343209e-06,0.0002965383,0.012401008,0.02149971
11,40,4.515327e-06,0.0004354972,0.014437379,0.023688812
12,40,8.54805e-06,0.0006329255,0.01670182,0.02588563
13,40,1.5898135e-05,0.0009103103,0.019214094,0.028089361
14,40,2.9048695e-05,0.0012956853,0.021993024,0.030298864
15,40,5.2144285e-05,0.0018250926,0.025056157,0.032512624
16,40,9.195762e-05,0.002544177,0.028419407,0.034728765
17,40,0.00015931974,0.0035098467,0.032096647,0.036945052
18,40,0.00027117616,0.0047919108,0.0360993,0.039158855
19,40,0.00045345476,0.0064745606,0.040435888,0.041367188
20,40,0.00074493344,0.008657532,0.045111597,0.043566704
21,40,0.0012022685,0.011456745,0.050127834,0.045753706
22,40,0.0019062759,0.015004201,0.05548181,0.047924165
23,40,0.0029694121,0.019446881,0.061166156,0.05007375
24,40,0.0045441906,0.024944436,0.06716856,0.05219781
25,40,0.006831925,0.031665396,0.07347153,0.054291468
26,40,0.010090889,0.03978182,0.080052145,0.05634958
27,40,0.014642565,0.049462233,0.086881936,0.058366816
28,40,0.020873973,0.060862955,0.09392691,0.06033769
29,40,0.029234385,0.07411795,0.10114757,0.062256575
30,40,0.04022378,0.08932759,0.10849917,0.06411777
31,40,0.05437171,0.10654679,0.11593203,0.06591549
32,40,0.07220439,0.12577327,0.123391956,0.067644015
33,40,0.094200775,0.14693664,0.13082081,0.069297604
34,40,0.120738626,0.16988946,0.13815728,0.07087064
35,40,0.15203318,0.1944007,0.14533748,0.07235762
36,40,0.1880751,0.2201531,0.152296,0.073753215
37,40,0.22857283,0.24674466,0.15896687,0.07505232
38,40,0.27290958,0.2736953,0.16528445,0.0762501
39,40,0.32012036,0.30045792,0.17118461,0.07734199
40,40,0.36889994,0.3264355,0.17660572,0.07832377
41,40,0.41764218,0.35100123,0.18148981,0.079191625
42,40,0.46451616,0.37352338,0.1857835,0.0799421
43,40,0.50757223,0.39339155,0.18943907,0.08057221
44,40,0.5448732,0.4100441,0.19241522,0.0810794
45,40,0.5746371,0.42299438,0.19467796,0.08146162
46,40,0.59537756,0.43185428,0.19620124,0.081717305
47,40,0.6060269,0.43635353,0.19696732,0.08184541
48,40,0.6060269,0.43635353,0.19696732,0.08184541
49,40,0.5953776,0.43185428,0.19620122,0.081717305
50,40,0.57463706,0.42299435,0.19467796,0.08146162
51,40,0.5448732,0.41004407,0.19241521,0.08107939
52,40,0.50757223,0.3933915,0.18943906,0.08057221
53,40,0.464516,0.37352332,0.18578349,0.0799421
54,40,0.41764218,0.3510012,0.1814898,0.079191625
55,40,0.36889994,0.3264355,0.1766057,0.07832377
56,40,0.32012048,0.30045792,0.1711846,0.07734199
57,40,0.27290943,0.27369526,0.16528447,0.0762501
58,40,0.22857283,0.24674466,0.15896688,0.07505232
59,40,0.1880751,0.2201531,0.152296,0.073753215
60,40,0.15203327,0.1944007,0.14533748,0.07235762
61,40,0.12073857,0.16988946,0.13815728,0.07087064
62,40,0.094200775,0.14693666,0.13082083,0.0692976
63,40,0.07220439,0.12577327,0.12339195,0.06764401
64,40,0.054371662,0.10654679,0.11593204,0.06591549
65,40,0.04022378,0.0893276,0.10849917,0.06411775
66,40,0.029234385,0.07411796,0.10114758,0.062256567
67,40,0.020873994,0.06086297,0.093926914,0.060337685
68,40,0.014642551,0.04946224,0.08688194,0.05836681
69,40,0.010090889,0.039781827,0.08005215,0.05634957
70,40,0.006831925,0.0316654,0.07347154,0.05429146
71,40,0.004544195,0.02494444,0.06716857,0.05219781
72,40,0.0029694121,0.019446885,0.061166164,0.05007375
73,40,0.0019062759,0.015004202,0.05548182,0.04792417
74,40,0.0012022685,0.011456746,0.050127845,0.04575371
75,40,0.00074493204,0.008657533,0.045111608,0.043566708
76,40,0.00045345476,0.0064745615,0.0404359,0.04136719
77,40,0.00027117616,0.0047919117,0.03609931,0.039158862
78,40,0.00015931974,0.0035098474,0.032096658,0.036945064
79,40,9.195753e-05,0.0025441775,0.028419416,0.034728777
80,40,5.2144285e-05,0.0018250931,0.025056167,0.032512635
81,40,2.9048695e-05,0.0012956857,0.021993032,0.030298872
82,40,1.5898166e-05,0.0009103105,0.019214101,0.02808937
83,40,8.54805e-06,0.0006329256,0.016701829,0.025885638
84,40,4.515327e-06,0.00043549723,0.014437387,0.023688823
85,40,2.343209e-06,0.00029653835,0.012401015,0.021499721
86,40,1.1946297e-06,0.00019981251,0.010572286,0.019318802
87,40,5.9835105e-07,0.00013322005,0.008930363,0.017146219
88,40,2.944298e-07,8.7864464e-05,0.0074541834,0.0149818305
89,40,1.4233323e-07,5.728819e-05,0.0061226278,0.012825231
90,40,6.7597355e-08,3.6859354e-05,0.0049146223,0.010675772
91,40,3.153959e-08,2.3288605e-05,0.0038092127,0.008532596
92,40,1.4457128e-08,1.425345e-05,0.0027856056,0.006394664
93,40,6.510437e-09,8.108656e-06,0.0018231715,0.0042607947
94,40,2.8802902e-09,3.6624406e-06,0.0009014276,0.0021296951
95,40,0.0,0.0,0.0,0.0
0,41,0.0,0.0,0.0,0.0
1,41,3.2608658e-09,3.9431657e-06,0.00092645746,0.0021532993
2,41,7.370639e-09,8.729953e-06,0.0018737935,0.0043080174
3,41,1.6367363e-08,1.5344973e-05,0.0028629464,0.006465537
4,41,3.570688e-08,2.5070864e-05,0.0039149653,0.008627164
5,41,7.6529055e-08,3.9678158e-05,0.0050510503,0.010794094
6,41,1.611391e-07,6.166606e-05,0.006292572,0.012967375
7,41,3.3333214e-07,9.4574e-05,0.0076610614,0.015147875
8,41,6.774111e-07,0.00014338565,0.009178176,0.01733625
9,41,1.3524759e-06,0.00021504871,0.010865621,0.019532911
10,41,2.6528166e-06,0.00031913441,0.012745038,0.021737998
11,41,5.1119314e-06,0.00046865942,0.014837842,0.023951361
12,41,9.677502e-06,0.0006810896,0.017165022,0.026172524
13,41,1.7998753e-05,0.0009795382,0.019746892,0.028400678
14,41,3.2886863e-05,0.0013941586,0.022602787,0.030634664
15,41,5.9033988e-05,0.0019637174,0.025750743,0.032872956
16,41,0.000104107865,0.0027373054,0.029207109,0.035113662
17,41,0.00018037029,0.0037761268,0.032986145,0.0373545
18,41,0.00030700606,0.0051552556,0.03709958,0.039592832
19,41,0.0005133689,0.0069652284,0.04155618,0.041825633
20,41,0.0008433602,0.009313294,0.046361268,0.04404952
21,41,0.0013611221,0.012324099,0.051516283,0.04626075
22,41,0.0021581477,0.016139574,0.057018362,0.048455264
23,41,0.003361757,0.020917756,0.06285993,0.05062866
24,41,0.0051446063,0.02683028,0.06902835,0.052776255
25,41,0.007734615,0.03405834,0.07550561,0.054893102
26,41,0.011424187,0.042786893,0.08226817,0.056974016
27,41,0.016577268,0.053197097,0.08928679,0.059013605
28,41,0.02363202,0.06545699,0.09652651,0.06100631
29,41,0.03309708,0.079710506,0.10394676,0.06294645
30,41,0.0455385,0.096065536,0.11150156,0.064828254
31,41,0.061555766,0.11458103,0.119139835,0.0666459
32,41,0.08174463,0.13525447,0.1268059,0.068393566
33,41,0.10664739,0.15801015,0.13444005,0.070065476
34,41,0.13669166,0.1826894,0.1419792,0.07165594
35,41,0.1721211,0.20904385,0.14935778,0.07315938
36,41,0.21292518,0.23673232,0.15650856,0.07457044
37,41,0.2587738,0.26532266,0.16336372,0.07588394
38,41,0.3089687,0.2942986,0.16985582,0.07709498
39,41,0.36241737,0.3230721,0.17591895,0.07819896
40,41,0.41764218,0.35100123,0.18148981,0.079191625
41,41,0.4728246,0.3774122,0.18650879,0.08006909
42,41,0.525892,0.40162587,0.19092108,0.08082788
43,41,0.574637,0.42298612,0.19467759,0.08146496
44,41,0.61686647,0.44088912,0.19773595,0.08197777
45,41,0.65056306,0.45481178,0.20006119,0.082364224
46,41,0.67404395,0.4643369,0.20162652,0.08262274
47,41,0.6861003,0.46917397,0.20241378,0.082752265
48,41,0.6861003,0.46917397,0.20241378,0.082752265
49,41,0.67404395,0.46433687,0.20162652,0.08262274
50,41,0.650563,0.45481178,0.20006119,0.082364224
51,41,0.61686647,0.4408891,0.19773595,0.08197777
52,41,0.574637,0.42298606,0.19467759,0.08146497
53,41,0.52589184,0.4016258,0.19092108,0.08082788
54,41,0.4728246,0.37741214,0.18650877,0.08006909
55,41,0.41764218,0.3510012,0.1814898,0.079191625
56,41,0.36241752,0.3230721,0.17591895,0.07819896
57,41,0.30896857,0.29429856,0.16985582,0.07709498
58,41,0.2587738,0.26532266,0.16336374,0.07588394
59,41,0.21292518,0.23673232,0.15650858,0.07457045
60,41,0.1721212,0.20904385,0.1493578,0.07315939
61,41,0.13669159,0.1826894,0.14197922,0.07165594
62,41,0.10664739,0.15801014,0.13444005,0.070065476
63,41,0.08174463,0.13525449,0.1268059,0.06839356
64,41,0.061555706,0.11458103,0.11913983,0.0666459
65,41,0.0455385,0.09606554,0.11150156,0.06482825
66,41,0.03309708,0.07971052,0.10394676,0.062946446
67,41,0.023632042,0.065456994,0.09652652,0.061006308
68,41,0.016577253,0.05319711,0.0892868,0.0590136
69,41,0.011424187,0.0427869,0.08226818,0.056974012
70,41,0.007734615,0.034058344,0.075505614,0.054893102
71,41,0.005144614,0.026830286,0.06902835,0.052776255
72,41,0.003361757,0.020917758,0.062859945,0.050628662
73,41,0.0021581477,0.016139578,0.057018377,0.048455264
74,41,0.0013611221,0.012324101,0.051516294,0.046260756
75,41,0.0008433586,0.009313296,0.04636128,0.044049524
76,41,0.0005133689,0.0069652293,0.04155619,0.041825637
77,41,0.00030700606,0.005155256,0.037099592,0.03959284
78,41,0.00018037029,0.0037761275,0.032986157,0.03735451
79,41,0.00010410767,0.002737306,0.02920712,0.03511367
80,41,5.9033988e-05,0.0019637176,0.025750753,0.032872967
81,41,3.2886863e-05,0.0013941589,0.022602795,0.030634675
82,41,1.7998787e-05,0.0009795383,0.0197469,0.028400688
83,41,9.677502e-06,0.0006810897,0.01716503,0.026172534
84,41,5.1119314e-06,0.0004686595,0.01483785,0.023951372
85,41,2.6528166e-06,0.0003191345,0.012745044,0.021738011
86,41,1.3524746e-06,0.00021504879,0.010865627,0.01953292
87,41,6.774111e-07,0.0001433857,0.00917818,0.017336259
88,41,3.3333214e-07,9.457403e-05,0.007661065,0.0151478825
89,41,1.6113955e-07,6.1666084e-05,0.006292574,0.012967382
90,41,7.652891e-08,3.967817e-05,0.0050510527,0.010794099
91,41,3.570688e-08,2.5070869e-05,0.003914967,0.008627169
92,41,1.6367363e-08,1.5344975e-05,0.0028629475,0.006465541
93,41,7.370653e-09,8.729954e-06,0.0018737946,0.00430802
94,41,3.2608596e-09,3.943166e-06,0.0009264579,0.0021533004
95,41,0.0,0.0,0.0,0.0
0,42,0.0,0.0,0.0,0.0
1,42,3.6268468e-09,4.200848e-06,0.00094846427,0.002173712
2,42,8.197863e-09,9.300237e-06,0.0019183017,0.0043488564
3,42,1.8204343e-08,1.6346838e-05,0.0029309457,0.0065268287
4,42,3.9714415e-08,2.6706659e-05,0.0040079453,0.008708947
5,42,8.5118245e-08,4.2265197e-05,0.0051710005,0.010896418
6,42,1.7922427e-07,6.5683795e-05,0.006441988,0.013090301
7,42,3.7074312e-07,0.00010073127,0.0078429505,0.015291471
8,42,7.534399e-07,0.00015271407,0.009396057,0.01750059
9,42,1.5042701e-06,0.0002290295,0.011123523,0.019718073
10,42,2.9505538e-06,0.00033986766,0.013047505,0.021944063
11,42,5.6856657e-06,0.00049908634,0.015189923,0.024178402
12,42,1.076364e-05,0.00072527904,0.017572263,0.02642062
13,42,2.0018811e-05,0.0010430504,0.020215316,0.028669894
14,42,3.6577934e-05,0.0014844983,0.023138875,0.030925054
15,42,6.56597e-05,0.0020908865,0.026361404,0.033184562
16,42,0.00011579234,0.0029144678,0.029899633,0.035446495
17,42,0.00020061422,0.004020384,0.033768162,0.037708573
18,42,0.00034146302,0.0054885377,0.037978992,0.039968118
19,42,0.0005709868,0.0074152835,0.042541094,0.042222075
20,42,0.00093801465,0.009914759,0.04745992,0.04446704
21,42,0.0015138875,0.013119611,0.05273694,0.04669923
22,42,0.0024003682,0.017180875,0.058369227,0.04891453
23,42,0.0037390634,0.022266714,0.06434902,0.05110852
24,42,0.005722008,0.028559765,0.07066336,0.05327647
25,42,0.008602709,0.03625281,0.07729386,0.055413377
26,42,0.012706379,0.04554265,0.08421637,0.057514
27,42,0.018437818,0.056622017,0.09140098,0.059572916
28,42,0.026284358,0.06966966,0.09881192,0.061584502
29,42,0.036811728,0.08483872,0.10640763,0.06354303
30,42,0.050649498,0.10224389,0.11414105,0.06544266
31,42,0.06846447,0.12194788,0.12195991,0.06727752
32,42,0.09091925,0.14394791,0.12980722,0.06904175
33,42,0.11861694,0.16816339,0.13762182,0.0707295
34,42,0.15203321,0.19442543,0.14533919,0.07233503
35,42,0.19143909,0.22246964,0.15289216,0.07385272
36,42,0.23682281,0.25193304,0.16021194,0.07527714
37,42,0.28781727,0.28235567,0.16722909,0.076603085
38,42,0.34364575,0.3131883,0.1738746,0.0778256
39,42,0.40309322,0.34380525,0.18008101,0.07894004
40,42,0.46451616,0.37352335,0.18578352,0.0799421
41,42,0.525892,0.40162587,0.19092108,0.08082788
42,42,0.5849154,0.42739013,0.19543763,0.081593856
43,42,0.6391313,0.45011812,0.1992829,0.08223697
44,42,0.6861004,0.4691674,0.2024135,0.08275464
45,42,0.72357893,0.48398143,0.20479369,0.083144754
46,42,0.7496951,0.49411634,0.206396,0.083405726
47,42,0.7631046,0.49926308,0.20720185,0.083536476
48,42,0.7631046,0.49926308,0.20720185,0.083536476
49,42,0.7496952,0.49411637,0.206396,0.083405726
50,42,0.7235788,0.48398143,0.20479368,0.083144754
51,42,0.6861004,0.4691674,0.20241348,0.08275464
52,42,0.6391313,0.4501181,0.19928288,0.082236975
53,42,0.5849152,0.42739013,0.19543763,0.08159386
54,42,0.525892,0.4016258,0.19092108,0.08082788
55,42,0.46451616,0.37352332,0.18578349,0.0799421
56,42,0.4030934,0.34380522,0.18008101,0.07894004
57,42,0.34364557,0.31318828,0.1738746,0.0778256
58,42,0.28781727,0.2823557,0.1672291,0.076603085
59,42,0.23682281,0.25193304,0.16021195,0.07527715
60,42,0.1914392,0.22246964,0.15289216,0.073852725
61,42,0.15203312,0.19442542,0.14533919,0.07233503
62,42,0.11861694,0.16816339,0.13762183,0.0707295
63,42,0.09091925,0.14394791,0.1298072,0.06904175
64,42,0.068464406,0.121947885,0.12195991,0.06727752
65,42,0.050649498,0.10224389,0.114141054,0.06544265
66,42,0.036811728,0.084838726,0.10640763,0.06354302
67,42,0.026284382,0.069669664,0.09881192,0.0615845
68,42,0.018437795,0.05662203,0.09140099,0.059572913
69,42,0.012706379,0.04554266,0.08421638,0.057514
70,42,0.008602709,0.03625282,0.077293865,0.055413373
71,42,0.0057220166,0.028559769,0.07066337,0.053276468
72,42,0.0037390634,0.022266718,0.06434903,0.051108524
73,42,0.0024003682,0.017180875,0.05836924,0.048914533
74,42,0.0015138875,0.013119612,0.052736957,0.046699233
75,42,0.0009380133,0.00991476,0.04745993,0.044467043
76,42,0.0005709868,0.007415285,0.042541105,0.042222083
77,42,0.00034146302,0.005488538,0.037979003,0.039968126
78,42,0.00020061422,0.004020385,0.033768173,0.037708584
79,42,0.00011579223,0.0029144683,0.029899646,0.03544651
80,42,6.56597e-05,0.002090887,0.026361415,0.03318457
81,42,3.6577934e-05,0.0014844984,0.023138884,0.030925062
82,42,2.001887e-05,0.0010430507,0.020215325,0.028669901
83,42,1.076364e-05,0.0007252792,0.01757227,0.026420629
84,42,5.6856657e-06,0.0004990864,0.015189932,0.024178414
85,42,2.9505538e-06,0.00033986778,0.013047513,0.021944074
86,42,1.5042688e-06,0.00022902957,0.011123529,0.019718083
87,42,7.534399e-07,0.00015271411,0.009396061,0.017500598
88,42,3.7074312e-07,0.000100731304,0.007842954,0.0152914785
89,42,1.7922478e-07,6.568382e-05,0.0064419913,0.013090308
90,42,8.511809e-08,4.226521e-05,0.005171003,0.010896424
91,42,3.9714415e-08,2.6706664e-05,0.0040079467,0.008708952
92,42,1.8204343e-08,1.6346841e-05,0.002930947,0.006526833
93,42,8.197894e-09,9.300239e-06,0.0019183027,0.004348859
94,42,3.626833e-09,4.2008487e-06,0.0009484648,0.0021737134
95,42,0.0,0.0,0.0,0.0
0,43,0.0,0.0,0.0,0.0
1,43,3.9630175e-09,4.4283966e-06,0.0009672021,0.002190851
2,43,8.957736e-09,9.803823e-06,0.0019561984,0.004383146
3,43,1.9891694e-08,1.72315e-05,0.0029888442,0.00657829
4,43,4.3395527e-08,2.8151037e-05,0.004087112,0.008777614
5,43,9.300782e-08,4.4549422e-05,0.005273131,0.010982331
6,43,1.9583668e-07,6.923109e-05,0.0065692086,0.0131935105
7,43,4.051075e-07,0.00010616738,0.007997818,0.015412035
8,43,8.2327665e-07,0.00016094958,0.009581567,0.01763857
9,43,1.6437018e-06,0.00024137182,0.011343111,0.019873535
10,43,3.2240425e-06,0.0003581704,0.013305035,0.022117075
11,43,6.2126674e-06,0.0005259453,0.0154896965,0.02436903
12,43,1.1761328e-05,0.00076428533,0.017919,0.026628923
13,43,2.1874368e-05,0.001099111,0.020614143,0.028895928
14,43,3.9968363e-05,0.0015642358,0.023595314,0.031168865
15,43,7.174573e-05,0.0022031276,0.026881333,0.03344618
16,43,0.0001265252,0.0030708283,0.03048926,0.035725947
17,43,0.00021920927,0.004235955,0.03443398,0.038005855
18,43,0.00037311323,0.005782669,0.038727734,0.040283207
19,43,0.0006239119,0.007812459,0.04337966,0.042554937
20,43,0.0010249597,0.010445538,0.048395324,0.04481759
21,43,0.0016542106,0.013821611,0.053776223,0.047067374
22,43,0.0026228598,0.018099746,0.059519358,0.049300138
23,43,0.0040856376,0.023457043,0.06561683,0.051511418
24,43,0.0062523843,0.030085834,0.07205542,0.05369645
25,43,0.009400099,0.03818914,0.078816354,0.055850197
26,43,0.013884134,0.04797418,0.08587506,0.05796738
27,43,0.020146824,0.059643913,0.093201,0.06004252
28,43,0.028720662,0.073386535,0.100757696,0.06206996
29,43,0.04022382,0.089363284,0.10850278,0.06404392
30,43,0.055344213,0.1076949,0.11638828,0.065958515
31,43,0.07481046,0.12844734,0.12436089,0.06780784
32,43,0.09934656,0.15161766,0.13236248,0.06958597
33,43,0.12961155,0.17712091,0.14033073,0.07128702
34,43,0.16612521,0.20477916,0.1481998,0.0729052
35,43,0.20918359,0.234314,0.15590125,0.07443485
36,43,0.25877398,0.26534304,0.1633649,0.0758705
37,43,0.31449515,0.29738203,0.17052,0.07720689
38,43,0.37549838,0.3298524,0.17729612,0.078439035
39,43,0.44045603,0.36209536,0.1836245,0.07956225
40,43,0.50757223,0.39339152,0.18943907,0.08057221
41,43,0.574637,0.4229861,0.19467759,0.08146495
42,43,0.6391313,0.45011812,0.1992829,0.082236975
43,43,0.69837254,0.47405255,0.20320374,0.08288516
44,43,0.7496952,0.4941129,0.20639586,0.08340691
45,43,0.7906476,0.5097132,0.20882282,0.0838001
46,43,0.81918454,0.5203859,0.21045661,0.08406312
47,43,0.833837,0.52580583,0.2112783,0.084194906
48,43,0.833837,0.52580583,0.2112783,0.084194906
49,43,0.8191846,0.5203859,0.21045662,0.08406312
50,43,0.7906475,0.5097131,0.20882282,0.0838001
51,43,0.7496952,0.49411288,0.20639586,0.08340691
52,43,0.69837254,0.47405252,0.20320371,0.08288516
53,43,0.6391311,0.4501181,0.19928288,0.082236975
54,43,0.574637,0.42298606,0.19467759,0.08146497
55,43,0.50757223,0.3933915,0.18943906,0.08057221
56,43,0.4404562,0.36209533,0.1836245,0.07956225
57,43,0.3754982,0.32985237,0.17729612,0.078439035
58,43,0.31449515,0.297382,0.17052,0.07720689
59,43,0.25877398,0.26534307,0.16336492,0.0758705
60,43,0.20918374,0.23431401,0.15590125,0.07443485
61,43,0.1661251,0.20477916,0.14819981,0.0729052
62,43,0.12961155,0.17712091,0.14033073,0.07128701
63,43,0.09934656,0.15161768,0.13236248,0.06958597
64,43,0.07481039,0.12844734,0.1243609,0.06780784
65,43,0.055344213,0.10769491,0.11638829,0.065958515
66,43,0.04022382,0.08936329,0.10850279,0.06404392
67,43,0.02872069,0.07338654,0.100757696,0.062069956
68,43,0.0201468,0.059643924,0.09320101,0.060042515
69,43,0.013884134,0.047974188,0.08587507,0.05796738
70,43,0.009400099,0.038189147,0.07881637,0.055850197
71,43,0.0062523903,0.03008584,0.07205543,0.053696454
72,43,0.0040856376,0.023457047,0.06561683,0.05151142
73,43,0.0026228598,0.018099748,0.059519373,0.04930014
74,43,0.0016542106,0.013821613,0.053776234,0.047067378
75,43,0.0010249577,0.010445539,0.04839534,0.044817597
76,43,0.0006239119,0.007812459,0.043379676,0.042554945
77,43,0.00037311323,0.0057826694,0.03872775,0.040283218
78,43,0.00021920927,0.004235956,0.034433994,0.038005866
79,43,0.00012652508,0.003070829,0.030489273,0.03572596
80,43,7.174573e-05,0.002203128,0.026881343,0.033446193
81,43,3.9968363e-05,0.0015642361,0.023595324,0.031168876
82,43,2.187443e-05,0.0010991113,0.020614153,0.028895937
83,43,1.1761328e-05,0.00076428545,0.01791901,0.026628934
84,43,6.2126674e-06,0.00052594545,0.015489705,0.024369042
85,43,3.2240425e-06,0.00035817048,0.013305042,0.022117086
86,43,1.6436987e-06,0.00024137189,0.011343116,0.019873546
87,43,8.2327665e-07,0.00016094962,0.009581571,0.017638579
88,43,4.051075e-07,0.00010616741,0.007997822,0.015412043
89,43,1.9583723e-07,6.923111e-05,0.0065692114,0.013193517
90,43,9.300764e-08,4.454943e-05,0.0052731335,0.0109823365
91,43,4.3395527e-08,2.8151042e-05,0.004087114,0.008777618
92,43,1.9891694e-08,1.7231505e-05,0.0029888456,0.0065782936
93,43,8.957753e-09,9.8038245e-06,0.0019561993,0.0043831486
94,43,3.96301e-09,4.4283975e-06,0.0009672026,0.0021908523
95,43,0.0,0.0,0.0,0.0
0,44,0.0,0.0,0.0,0.0
1,44,4.2542605e-09,4.619276e-06,0.0009824585,0.0022046464
2,44,9.6160235e-09,1.02262475e-05,0.0019870535,0.004410746
3,44,2.1353499e-08,1.7973569e-05,0.003035985,0.006619713
4,44,4.6584585e-08,2.9362567e-05,0.00415157,0.008832885
5,44,9.9842985e-08,4.646534e-05,0.0053562867,0.011051485
6,44,2.1022855e-07,7.220634e-05,0.0066727907,0.013276588
7,44,4.3487853e-07,0.00011072668,0.008123912,0.015509081
8,44,8.837778e-07,0.00016785653,0.009732611,0.017749637
9,44,1.7644944e-06,0.00025172273,0.011521896,0.019998673
10,44,3.4609714e-06,0.00037351955,0.013514714,0.022256339
11,44,6.6692314e-06,0.0005484692,0.015733767,0.024522474
12,44,1.2625658e-05,0.000796995,0.018201306,0.026796592
13,44,2.3481896e-05,0.0011461207,0.020938862,0.02907787
14,44,4.2905565e-05,0.0016310979,0.023966936,0.031365115
15,44,7.701827e-05,0.0022972424,0.027304647,0.03365677
16,44,0.00013582343,0.0032019338,0.030969322,0.035950888
17,44,0.00023531879,0.0044167023,0.034976076,0.038245145
18,44,0.00040053303,0.0060292794,0.03933734,0.04053684
19,44,0.0006697624,0.008145458,0.044062402,0.042822868
20,44,0.0011002827,0.0108905425,0.0491569,0.04509976
21,44,0.0017757764,0.014410155,0.054622367,0.047363706
22,44,0.0028156103,0.018870093,0.060455754,0.04961052
23,44,0.0043858876,0.02445495,0.06664903,0.051835723
24,44,0.006711864,0.03136518,0.073188774,0.05403451
25,44,0.0100909,0.039812382,0.08005593,0.05620181
26,44,0.014904467,0.050012525,0.0872255,0.05833232
27,44,0.021627393,0.06217711,0.094666496,0.06042052
28,44,0.030831313,0.07650227,0.10234185,0.062460717
29,44,0.043179825,0.09315601,0.11020857,0.0644471
30,44,0.059411403,0.11226415,0.11821788,0.06637375
31,44,0.08030821,0.13389538,0.12631565,0.06823471
32,44,0.10664743,0.15804659,0.13444285,0.07002403
33,44,0.13913658,0.18462916,0.1425362,0.071735784
34,44,0.17833357,0.21345763,0.15052879,0.073364146
35,44,0.22455627,0.24424177,0.1583511,0.07490342
36,44,0.27779102,0.27658305,0.16593191,0.07634811
37,44,0.337607,0.30997664,0.17319927,0.0776929
38,44,0.4030933,0.34381965,0.18008173,0.0789328
39,44,0.47282466,0.37742537,0.18650942,0.08006308
40,44,0.5448732,0.41004407,0.19241521,0.0810794
41,44,0.61686647,0.4408891,0.19773595,0.08197777
42,44,0.6861004,0.4691674,0.2024135,0.08275464
43,44,0.7496952,0.4941129,0.20639586,0.08340691
44,44,0.8047895,0.51502067,0.20963809,0.08393194
45,44,0.8487514,0.5312798,0.21210311,0.0843276
46,44,0.87938553,0.54240334,0.21376255,0.08459228
47,44,0.8951148,0.54805213,0.2145971,0.084724896
48,44,0.8951148,0.54805213,0.2145971,0.084724896
49,44,0.8793856,0.54240334,0.21376254,0.08459229
50,44,0.84875137,0.5312798,0.21210311,0.0843276
51,44,0.8047895,0.5150206,0.20963806,0.083931945
52,44,0.7496952,0.49411288,0.20639586,0.08340691
53,44,0.6861002,0.46916738,0.20241348,0.08275464
54,44,0.61686647,0.4408891,0.19773595,0.08197777
55,44,0.5448732,0.41004407,0.19241522,0.0810794
56,44,0.47282487,0.37742537,0.18650943,0.08006309
57,44,0.40309313,0.34381965,0.18008173,0.07893279
58,44,0.337607,0.30997664,0.17319927,0.0776929
59,44,0.27779102,0.27658305,0.16593191,0.076348096
60,44,0.22455643,0.24424177,0.15835111,0.07490342
61,44,0.17833346,0.21345763,0.15052879,0.07336414
62,44,0.13913658,0.18462916,0.1425362,0.071735784
63,44,0.10664743,0.15804659,0.13444288,0.07002403
64,44,0.08030813,0.1338954,0.12631567,0.06823471
65,44,0.059411403,0.112264164,0.118217885,0.06637375
66,44,0.043179825,0.093156025,0.11020858,0.06444709
67,44,0.030831343,0.07650228,0.10234186,0.062460717
68,44,0.021627367,0.06217712,0.0946665,0.060420517
69,44,0.014904467,0.050012533,0.087225504,0.058332317
70,44,0.0100909,0.03981239,0.08005594,0.05620181
71,44,0.006711873,0.03136519,0.07318878,0.05403451
72,44,0.0043858876,0.024454951,0.06664904,0.051835723
73,44,0.0028156103,0.018870097,0.06045577,0.049610525
74,44,0.0017757764,0.014410156,0.054622382,0.04736371
75,44,0.0011002806,0.010890543,0.049156915,0.04509977
76,44,0.0006697624,0.008145458,0.044062417,0.042822875
77,44,0.00040053303,0.00602928,0.039337356,0.040536847
78,44,0.00023531879,0.004416703,0.034976088,0.03824516
79,44,0.00013582331,0.003201934,0.030969335,0.035950903
80,44,7.701827e-05,0.0022972426,0.027304659,0.033656783
81,44,4.2905565e-05,0.0016310981,0.023966948,0.03136513
82,44,2.3481942e-05,0.001146121,0.020938871,0.029077882
83,44,1.2625658e-05,0.0007969951,0.018201314,0.026796604
84,44,6.6692314e-06,0.0005484693,0.015733777,0.024522483
85,44,3.4609714e-06,0.00037351964,0.013514721,0.022256348
86,44,1.7644928e-06,0.00025172278,0.011521902,0.019998685
87,44,8.837778e-07,0.00016785657,0.009732613,0.017749645
88,44,4.3487853e-07,0.00011072671,0.008123916,0.0155090885
89,44,2.1022895e-07,7.2206356e-05,0.006672794,0.013276595
90,44,9.9842794e-08,4.646535e-05,0.005356289,0.011051491
91,44,4.6584585e-08,2.9362576e-05,0.004151572,0.008832891
92,44,2.1353499e-08,1.7973573e-05,0.0030359863,0.006619717
93,44,9.616041e-09,1.0226249e-05,0.0019870545,0.004410749
94,44,4.2542445e-09,4.6192768e-06,0.0009824589,0.002204648
95,44,0.0,0.0,0.0,0.0
0,45,0.0,0.0,0.0,0.0
1,45,4.486646e-09,4.7678136e-06,0.0009940583,0.002215043
2,45,1.014131e-08,1.0554966e-05,0.002010514,0.0044315453
3,45,2.251996e-08,1.855101e-05,0.0030718276,0.006650929
4,45,4.912942e-08,3.0305302e-05,0.0042005796,0.008874537
5,45,1.05297026e-07,4.7956146e-05,0.0054195123,0.0111036
6,45,2.2171254e-07,7.452136e-05,0.0067515476,0.0133391945
7,45,4.586343e-07,0.00011427415,0.008219784,0.015582216
8,45,9.3205523e-07,0.00017323052,0.009847452,0.017833335
9,45,1.8608821e-06,0.00025977608,0.011657832,0.02009298
10,45,3.6500312e-06,0.00038546138,0.013674138,0.022361288
11,45,7.0335464e-06,0.0005659928,0.01591934,0.024638107
12,45,1.3315351e-05,0.0008224424,0.01841595,0.026922949
13,45,2.4764624e-05,0.0011826924,0.021185752,0.02921498
14,45,4.524929e-05,0.0016831128,0.02424949,0.03151301
15,45,8.12254e-05,0.0023704567,0.0276265,0.033815466
16,45,0.00014324283,0.0033039222,0.031334322,0.036120404
17,45,0.00024817314,0.0045573045,0.03538824,0.03842548
18,45,0.00042241244,0.006221113,0.039800834,0.040727973
19,45,0.0007063486,0.008404486,0.0445815,0.043024775
20,45,0.0011603864,0.011236689,0.049735937,0.04531241
21,45,0.0018727795,0.0148679465,0.055265702,0.047587022
22,45,0.0029694152,0.01946929,0.061167706,0.049844433
23,45,0.00462547,0.025231132,0.06743382,0.05208012
24,45,0.007078504,0.03236026,0.07405047,0.05428927
25,45,0.010642117,0.041074924,0.080998376,0.056466784
26,45,0.015718628,0.0515979,0.08825224,0.058607336
27,45,0.022808794,0.064147346,0.095780715,0.06070538
28,45,0.03251548,0.07892555,0.1035463,0.0627552
29,45,0.045538533,0.0961058,0.11150548,0.06475093
30,45,0.062656775,0.11581783,0.11960892,0.06668667
31,45,0.084695056,0.13813248,0.12780185,0.068556406
32,45,0.1124731,0.16304648,0.13602456,0.07035415
33,45,0.14673698,0.19046842,0.14421299,0.07207397
34,45,0.18807513,0.22020695,0.1522995,0.07371001
35,45,0.23682275,0.2519626,0.16021371,0.07525655
36,45,0.29296544,0.28532434,0.16788356,0.07670803
37,45,0.35604894,0.31977138,0.17523631,0.07805917
38,45,0.42511246,0.35468176,0.18219961,0.079304904
39,45,0.49865294,0.38934723,0.18870279,0.080440514
40,45,0.5746371,0.42299438,0.19467796,0.08146162
41,45,0.65056306,0.45481178,0.20006119,0.082364224
42,45,0.72357893,0.48398143,0.20479369,0.083144754
43,45,0.7906476,0.5097132,0.20882282,0.0838001
44,45,0.8487514,0.53127986,0.21210311,0.0843276
45,45,0.89511484,0.5480515,0.21459709,0.08472513
46,45,0.92742234,0.5595255,0.216276,0.08499106
47,45,0.9440108,0.56535226,0.21712038,0.0851243
48,45,0.9440108,0.56535226,0.21712038,0.0851243
49,45,0.9274224,0.5595255,0.216276,0.08499106
50,45,0.8951147,0.54805136,0.21459709,0.08472513
51,45,0.8487514,0.5312798,0.21210311,0.0843276
52,45,0.7906476,0.5097131,0.20882282,0.0838001
53,45,0.72357875,0.4839814,0.20479369,0.083144754
54,45,0.65056306,0.45481175,0.2000612,0.082364224
55,45,0.5746371,0.42299438,0.19467796,0.08146162
56,45,0.4986531,0.38934723,0.1887028,0.080440514
57,45,0.42511228,0.35468173,0.18219961,0.0793049
58,45,0.35604894,0.31977135,0.17523631,0.07805916
59,45,0.29296544,0.28532434,0.16788357,0.076708026
60,45,0.2368229,0.2519626,0.16021372,0.075256534
61,45,0.188075,0.22020693,0.1522995,0.07371
62,45,0.14673698,0.19046842,0.14421299,0.07207397
63,45,0.1124731,0.16304648,0.13602458,0.07035415
64,45,0.084695,0.13813248,0.12780187,0.068556406
65,45,0.062656775,0.115817845,0.11960894,0.06668667
66,45,0.045538533,0.096105814,0.11150549,0.06475093
67,45,0.03251551,0.078925565,0.103546314,0.06275519
68,45,0.022808766,0.06414736,0.09578073,0.060705375
69,45,0.015718628,0.05159791,0.088252254,0.058607332
70,45,0.010642117,0.04107493,0.08099839,0.056466784
71,45,0.0070785144,0.03236026,0.074050486,0.05428927
72,45,0.00462547,0.025231134,0.067433834,0.05208012
73,45,0.0029694152,0.019469291,0.06116772,0.049844436
74,45,0.0018727795,0.014867948,0.055265713,0.047587026
75,45,0.0011603842,0.011236691,0.04973595,0.045312416
76,45,0.0007063486,0.008404487,0.04458151,0.043024782
77,45,0.00042241244,0.0062211137,0.03980085,0.04072798
78,45,0.00024817314,0.0045573055,0.03538825,0.03842549
79,45,0.00014324268,0.0033039227,0.031334333,0.03612042
80,45,8.12254e-05,0.002370457,0.027626513,0.03381548
81,45,4.524929e-05,0.001683113,0.0242495,0.031513024
82,45,2.4764671e-05,0.0011826925,0.021185763,0.029214993
83,45,1.3315351e-05,0.0008224426,0.018415958,0.02692296
84,45,7.0335464e-06,0.0005659929,0.015919348,0.024638118
85,45,3.6500312e-06,0.00038546146,0.013674146,0.022361297
86,45,1.8608804e-06,0.00025977616,0.011657838,0.020092988
87,45,9.3205523e-07,0.00017323057,0.009847456,0.017833345
88,45,4.586343e-07,0.00011427419,0.008219788,0.015582224
89,45,2.2171297e-07,7.4521384e-05,0.006751551,0.013339202
90,45,1.0529683e-07,4.795616e-05,0.0054195146,0.011103607
91,45,4.912942e-08,3.0305311e-05,0.004200582,0.008874543
92,45,2.251996e-08,1.8551016e-05,0.0030718292,0.0066509335
93,45,1.01413296e-08,1.0554968e-05,0.002010515,0.004431549
94,45,4.4866377e-09,4.7678145e-06,0.0009940589,0.0022150446
95,45,0.0,0.0,0.0,0.0
0,46,0.0,0.0,0.0,0.0
1,46,4.648586e-09,4.869483e-06,0.0010018676,0.0022219976
2,46,1.05073275e-08,1.077996e-05,0.0020263079,0.004445459
3,46,2.3332788e-08,1.894624e-05,0.0030959575,0.006671811
4,46,5.0902585e-08,3.0950545e-05,0.0042335736,0.008902401
5,46,1.09097385e-07,4.897649e-05,0.0054620765,0.011138462
6,46,2.2971476e-07,7.610579e-05,0.0068045678,0.013381076
7,46,4.7518768e-07,0.000116702045,0.008284327,0.01563114
8,46,9.656957e-07,0.0001769084,0.009924765,0.017889326
9,46,1.9280465e-06,0.00026528764,0.011749347,0.020156063
10,46,3.7817708e-06,0.00039363393,0.013781466,0.022431495
11,46,7.2874063e-06,0.000577985,0.01604427,0.024715463
12,46,1.3795925e-05,0.00083985704,0.018560452,0.027007475
13,46,2.5658423e-05,0.0012077192,0.021351961,0.029306702
14,46,4.6882462e-05,0.0017187075,0.024439706,0.031611945
15,46,8.415705e-05,0.0024205577,0.027843175,0.033921633
16,46,0.00014841284,0.0033737123,0.03158004,0.0362338
17,46,0.00025713036,0.004653517,0.03566571,0.03854611
18,46,0.00043765825,0.0063523804,0.040112857,0.040855832
19,46,0.0007318427,0.00858173,0.044930954,0.043159846
20,46,0.0012022674,0.011473543,0.050125744,0.04545466
21,46,0.0019403732,0.015181189,0.055698793,0.047736414
22,46,0.0030765878,0.019879282,0.06164699,0.050000906
23,46,0.0047924137,0.02576222,0.06796214,0.05224361
24,46,0.00733399,0.03304111,0.074630566,0.05445969
25,46,0.011026225,0.041938774,0.08163282,0.05664404
26,46,0.016285963,0.05268263,0.08894344,0.05879131
27,46,0.023632037,0.065495394,0.096530795,0.06089593
28,46,0.03368907,0.08058356,0.10435712,0.06295218
29,46,0.047182165,0.09812403,0.112378545,0.06495419
30,46,0.06491825,0.118249215,0.12054536,0.06689599
31,46,0.08775198,0.14103141,0.12880236,0.06877159
32,46,0.11653262,0.1664673,0.13708936,0.07057499
33,46,0.15203318,0.19446348,0.14534181,0.072300196
34,46,0.19486333,0.22482459,0.15349151,0.07394137
35,46,0.24537043,0.25724494,0.1614676,0.075492755
36,46,0.30353948,0.29130474,0.16919741,0.0769488
37,46,0.36889985,0.32647246,0.17660762,0.07830417
38,46,0.4404561,0.36211312,0.18362536,0.07955382
39,46,0.51665086,0.39750355,0.19017938,0.08069301
40,46,0.59537756,0.43185428,0.19620122,0.081717305
41,46,0.67404395,0.46433687,0.20162652,0.082622744
42,46,0.7496951,0.49411634,0.206396,0.083405726
43,46,0.81918454,0.520386,0.21045662,0.08406313
44,46,0.87938553,0.5424034,0.21376254,0.08459229
45,46,0.92742234,0.5595255,0.216276,0.08499106
46,46,0.9608959,0.5712393,0.21796805,0.08525783
47,46,0.9780831,0.5771879,0.21881902,0.08539148
48,46,0.9780831,0.5771879,0.21881902,0.085391484
49,46,0.96089596,0.5712393,0.21796805,0.08525783
50,46,0.9274222,0.55952543,0.216276,0.08499106
51,46,0.87938553,0.54240334,0.21376255,0.08459229
52,46,0.81918454,0.5203859,0.21045662,0.08406313
53,46,0.74969494,0.49411634,0.20639601,0.083405726
54,46,0.67404395,0.46433684,0.20162652,0.082622744
55,46,0.59537756,0.43185425,0.19620124,0.081717305
56,46,0.51665103,0.39750353,0.19017938,0.08069301
57,46,0.44045588,0.3621131,0.18362536,0.07955382
58,46,0.36889985,0.32647246,0.17660762,0.07830417
59,46,0.30353948,0.29130474,0.16919743,0.0769488
60,46,0.24537057,0.2572449,0.16146761,0.075492755
61,46,0.19486322,0.22482459,0.15349153,0.073941365
62,46,0.15203318,0.19446348,0.1453418,0.0723002
63,46,0.11653262,0.1664673,0.13708937,0.07057499
64,46,0.087751895,0.14103143,0.12880239,0.06877159
65,46,0.06491825,0.118249215,0.12054538,0.06689599
66,46,0.047182165,0.098124035,0.11237856,0.06495419
67,46,0.033689093,0.080583565,0.10435714,0.062952176
68,46,0.023632009,0.0654954,0.09653082,0.06089593
69,46,0.016285963,0.05268264,0.08894346,0.05879131
70,46,0.011026225,0.04193878,0.08163284,0.05664404
71,46,0.007333997,0.033041116,0.07463059,0.054459695
72,46,0.0047924137,0.025762225,0.067962155,0.052243613
73,46,0.0030765878,0.019879285,0.061647005,0.05000091
74,46,0.0019403732,0.01518119,0.05569881,0.047736418
75,46,0.0012022656,0.011473544,0.05012576,0.045454662
76,46,0.0007318427,0.008581731,0.04493097,0.043159854
77,46,0.00043765825,0.006352381,0.04011287,0.040855844
78,46,0.00025713036,0.0046535176,0.03566572,0.038546123
79,46,0.00014841271,0.0033737128,0.031580053,0.036233816
80,46,8.415705e-05,0.0024205581,0.027843187,0.033921648
81,46,4.6882462e-05,0.0017187077,0.024439717,0.03161196
82,46,2.5658497e-05,0.0012077194,0.02135197,0.029306715
83,46,1.3795925e-05,0.00083985715,0.01856046,0.027007489
84,46,7.2874063e-06,0.00057798513,0.016044278,0.024715472
85,46,3.7817708e-06,0.00039363402,0.013781472,0.022431504
86,46,1.9280446e-06,0.0002652877,0.011749351,0.020156072
87,46,9.656957e-07,0.00017690843,0.009924769,0.017889336
88,46,4.7518768e-07,0.000116702075,0.008284331,0.015631149
89,46,2.297152e-07,7.610581e-05,0.006804571,0.013381084
90,46,1.0909717e-07,4.8976504e-05,0.005462079,0.011138469
91,46,5.0902585e-08,3.0950552e-05,0.004233576,0.008902406
92,46,2.3332788e-08,1.8946246e-05,0.003095959,0.0066718156
93,46,1.0507368e-08,1.07799615e-05,0.002026309,0.0044454625
94,46,4.648577e-09,4.8694837e-06,0.0010018682,0.0022219992
95,46,0.0,0.0,0.0,0.0
0,47,0.0,0.0,0.0,0.0
1,47,4.731735e-09,4.9211267e-06,0.0010057952,0.0022254824
2,47,1.0695271e-08,1.0894247e-05,0.002034251,0.004452431
3,47,2.375014e-08,1.9147e-05,0.0031080933,0.0066822735
4,47,5.1813075e-08,3.1278298e-05,0.004250168,0.008916361
5,47,1.110488e-07,4.949477e-05,0.0054834834,0.0111559285
6,47,2.3382364e-07,7.691058e-05,0.0068312334,0.013402061
7,47,4.836873e-07,0.00011793526,0.008316787,0.015655652
8,47,9.829689e-07,0.00017877652,0.009963648,0.017917382
9,47,1.9625331e-06,0.00026808705,0.011795373,0.020187672
10,47,3.849415e-06,0.00039778496,0.013835443,0.022466669
11,47,7.417755e-06,0.00058407604,0.016107103,0.024754217
12,47,1.4042691e-05,0.0008487021,0.018633125,0.027049826
13,47,2.6117372e-05,0.0012204306,0.021435553,0.02935266
14,47,4.7721045e-05,0.0017367859,0.024535373,0.031661514
15,47,8.566236e-05,0.0024460037,0.027952148,0.033974823
16,47,0.00015106749,0.0034091584,0.031703617,0.03629062
17,47,0.00026172964,0.004702382,0.03580526,0.038606554
18,47,0.0004454866,0.006419048,0.04026979,0.040919896
19,47,0.0007449331,0.008671748,0.045106705,0.04322752
20,47,0.0012237722,0.011593835,0.05032179,0.045525927
21,47,0.0019750805,0.015340277,0.05591661,0.04781126
22,47,0.0031316185,0.020087503,0.06188804,0.0500793
23,47,0.004878135,0.026031941,0.06822785,0.05232552
24,47,0.0074651693,0.03338689,0.074922316,0.05454508
25,47,0.011223445,0.042377487,0.08195191,0.056732856
26,47,0.01657726,0.053233515,0.08929106,0.058883484
27,47,0.024054728,0.06617999,0.09690804,0.060991406
28,47,0.034291655,0.08142557,0.10476491,0.06305088
29,47,0.048026096,0.09914897,0.11281764,0.065056026
30,47,0.066079415,0.11948397,0.121016316,0.06700088
31,47,0.089321546,0.14250362,0.12930554,0.068879426
32,47,0.11861697,0.16820452,0.13762487,0.07068563
33,47,0.15475252,0.1964923,0.14590952,0.07241355
34,47,0.19834876,0.22716959,0.15409102,0.07405729
35,47,0.24975929,0.25992745,0.16209821,0.07561111
36,47,0.30896878,0.2943418,0.16985819,0.077069424
37,47,0.37549824,0.32987547,0.1772973,0.07842693
38,47,0.4483344,0.36588693,0.18434241,0.079678535
39,47,0.525892,0.4016455,0.19092198,0.080819495
40,47,0.6060269,0.43635353,0.19696732,0.08184542
41,47,0.6861003,0.46917397,0.20241378,0.082752265
42,47,0.7631046,0.4992631,0.20720185,0.083536476
43,47,0.833837,0.5258059,0.2112783,0.084194906
44,47,0.8951148,0.54805213,0.2145971,0.0847249
45,47,0.9440108,0.5653522,0.21712038,0.0851243
46,47,0.9780831,0.5771879,0.21881902,0.08539148
47,47,0.9955777,0.58319825,0.21967332,0.08552535
48,47,0.9955777,0.5831983,0.21967332,0.08552534
49,47,0.97808313,0.5771879,0.21881902,0.085391484
50,47,0.9440107,0.5653522,0.21712038,0.0851243
51,47,0.8951148,0.5480521,0.2145971,0.0847249
52,47,0.833837,0.52580583,0.2112783,0.084194906
53,47,0.76310444,0.49926302,0.20720187,0.083536476
54,47,0.6861003,0.46917394,0.2024138,0.082752265
55,47,0.6060269,0.4363535,0.19696733,0.08184542
56,47,0.5258922,0.4016455,0.19092199,0.080819495
57,47,0.44833416,0.36588693,0.18434243,0.079678535
58,47,0.37549824,0.32987547,0.17729731,0.07842693
59,47,0.30896878,0.2943418,0.16985819,0.07706943
60,47,0.24975944,0.25992745,0.16209823,0.07561111
61,47,0.19834864,0.22716959,0.15409103,0.07405729
62,47,0.15475252,0.1964923,0.14590953,0.07241356
63,47,0.11861697,0.16820452,0.13762489,0.07068564
64,47,0.08932148,0.14250363,0.12930556,0.068879426
65,47,0.066079415,0.11948398,0.12101634,0.06700088
66,47,0.048026096,0.099148974,0.11281766,0.065056026
67,47,0.034291677,0.08142558,0.10476493,0.06305088
68,47,0.024054706,0.066180006,0.09690806,0.060991406
69,47,0.01657726,0.053233527,0.08929108,0.058883484
70,47,0.011223445,0.042377494,0.08195192,0.056732856
71,47,0.00746518,0.033386894,0.07492233,0.05454508
72,47,0.004878135,0.026031947,0.068227865,0.052325524
73,47,0.0031316185,0.020087505,0.061888054,0.050079305
74,47,0.0019750805,0.015340278,0.055916622,0.047811262
75,47,0.0012237704,0.011593835,0.050321802,0.045525935
76,47,0.0007449331,0.008671748,0.04510672,0.043227527
77,47,0.0004454866,0.0064190486,0.0402698,0.040919907
78,47,0.00026172964,0.0047023827,0.03580527,0.038606565
79,47,0.00015106735,0.0034091587,0.031703636,0.03629063
80,47,8.566236e-05,0.0024460042,0.02795216,0.033974834
81,47,4.7721045e-05,0.0017367863,0.024535384,0.03166153
82,47,2.6117446e-05,0.0012204308,0.021435563,0.02935267
83,47,1.4042691e-05,0.00084870233,0.018633133,0.027049838
84,47,7.417755e-06,0.00058407616,0.01610711,0.024754228
85,47,3.849415e-06,0.00039778504,0.01383545,0.02246668
86,47,1.9625313e-06,0.0002680871,0.011795377,0.020187682
87,47,9.829689e-07,0.00017877655,0.009963653,0.01791739
88,47,4.836873e-07,0.00011793529,0.008316793,0.01565566
89,47,2.3382408e-07,7.6910605e-05,0.0068312376,0.013402068
90,47,1.11048585e-07,4.949478e-05,0.005483486,0.011155936
91,47,5.1813075e-08,3.1278305e-05,0.00425017,0.008916368
92,47,2.375014e-08,1.9147004e-05,0.0031080951,0.0066822786
93,47,1.0695312e-08,1.08942495e-05,0.0020342523,0.0044524344
94,47,4.7317257e-09,4.921128e-06,0.0010057958,0.002225484
95,47,0.0,0.0,0.0,0.0
0,48,0.0,0.0,0.0,0.0
1,48,4.731735e-09,4.921127e-06,0.0010057952,0.0022254824
2,48,1.0695271e-08,1.0894248e-05,0.002034251,0.004452431
3,48,2.375014e-08,1.9147e-05,0.0031080933,0.006682274
4,48,5.1813075e-08,3.1278298e-05,0.0042501674,0.008916361
5,48,1.110488e-07,4.949477e-05,0.0054834834,0.0111559285
6,48,2.3382364e-07,7.691058e-05,0.0068312334,0.013402061
7,48,4.836873e-07,0.00011793526,0.008316788,0.015655652
8,48,9.829689e-07,0.00017877652,0.009963648,0.017917382
9,48,1.9625331e-06,0.00026808705,0.011795373,0.020187672
10,48,3.849415e-06,0.00039778493,0.013835443,0.022466669
11,48,7.417755e-06,0.00058407604,0.016107103,0.024754219
12,48,1.4042691e-05,0.0008487021,0.018633125,0.027049826
13,48,2.6117372e-05,0.0012204306,0.021435553,0.02935266
14,48,4.7721045e-05,0.001736786,0.024535373,0.031661514
15,48,8.566236e-05,0.0024460037,0.027952148,0.033974823
16,48,0.00015106749,0.0034091584,0.031703617,0.03629062
17,48,0.00026172964,0.004702382,0.03580526,0.038606554
18,48,0.0004454866,0.006419048,0.04026979,0.040919896
19,48,0.0007449331,0.0086717475,0.045106705,0.04322752
20,48,0.0012237722,0.011593835,0.05032179,0.045525927
21,48,0.0019750805,0.015340277,0.05591661,0.04781126
22,48,0.0031316185,0.020087503,0.06188804,0.0500793
23,48,0.004878135,0.026031941,0.06822785,0.05232552
24,48,0.0074651693,0.03338689,0.074922316,0.05454508
25,48,0.011223445,0.042377487,0.08195191,0.056732856
26,48,0.01657726,0.053233515,0.08929106,0.058883484
27,48,0.024054728,0.06618,0.09690804,0.060991406
28,48,0.034291655,0.08142557,0.10476491,0.06305088
29,48,0.048026096,0.09914897,0.112817645,0.065056026
30,48,0.066079415,0.11948396,0.12101632,0.06700087
31,48,0.089321546,0.14250362,0.12930554,0.06887942
32,48,0.11861697,0.1682045,0.13762487,0.07068563
33,48,0.15475252,0.1964923,0.14590952,0.07241355
34,48,0.19834876,0.22716959,0.15409102,0.07405729
35,48,0.24975929,0.25992745,0.16209821,0.07561111
36,48,0.30896878,0.2943418,0.16985819,0.077069424
37,48,0.37549824,0.32987547,0.1772973,0.07842693
38,48,0.4483344,0.36588693,0.1843424,0.079678535
39,48,0.525892,0.4016455,0.19092198,0.0808195
40,48,0.6060269,0.43635353,0.19696732,0.08184541
41,48,0.6861003,0.46917397,0.20241378,0.082752265
42,48,0.7631046,0.4992631,0.20720185,0.083536476
43,48,0.833837,0.52580583,0.2112783,0.084194906
44,48,0.8951148,0.54805213,0.21459712,0.0847249
45,48,0.9440108,0.56535226,0.21712038,0.08512431
46,48,0.9780831,0.5771879,0.21881902,0.085391484
47,48,0.9955777,0.5831983,0.21967332,0.08552534
48,48,0.9955777,0.5831983,0.21967332,0.08552535
49,48,0.97808313,0.5771879,0.21881902,0.08539148
50,48,0.9440107,0.5653522,0.21712038,0.0851243
51,48,0.8951148,0.5480521,0.21459712,0.084724896
52,48,0.833837,0.5258058,0.2112783,0.08419491
53,48,0.76310444,0.49926308,0.20720187,0.083536476
54,48,0.6861003,0.46917394,0.2024138,0.082752265
55,48,0.6060269,0.4363535,0.19696733,0.08184541
56,48,0.5258922,0.4016455,0.19092198,0.0808195
57,48,0.44833416,0.36588693,0.18434241,0.079678535
58,48,0.37549824,0.32987547,0.17729731,0.07842693
59,48,0.30896878,0.2943418,0.16985819,0.07706943
60,48,0.24975944,0.25992745,0.16209823,0.07561111
61,48,0.19834864,0.22716959,0.15409103,0.07405729
62,48,0.15475252,0.1964923,0.14590952,0.07241356
63,48,0.11861697,0.16820452,0.13762489,0.07068564
64,48,0.08932148,0.14250363,0.12930556,0.06887942
65,48,0.066079415,0.11948398,0.12101634,0.06700087
66,48,0.048026096,0.099148974,0.11281766,0.06505602
67,48,0.034291677,0.08142558,0.10476492,0.06305088
68,48,0.024054706,0.066180006,0.096908055,0.060991406
69,48,0.01657726,0.053233523,0.08929108,0.058883484
70,48,0.011223445,0.042377494,0.08195192,0.056732852
71,48,0.00746518,0.033386894,0.07492233,0.054545082
72,48,0.004878135,0.026031947,0.068227865,0.052325524
73,48,0.0031316185,0.020087505,0.061888054,0.050079305
74,48,0.0019750805,0.015340278,0.055916622,0.047811262
75,48,0.0012237704,0.011593836,0.050321802,0.04552593
76,48,0.0007449331,0.008671748,0.045106716,0.043227527
77,48,0.0004454866,0.0064190486,0.0402698,0.040919907
78,48,0.00026172964,0.0047023823,0.03580527,0.038606565
79,48,0.00015106735,0.0034091587,0.031703632,0.03629063
80,48,8.566236e-05,0.0024460042,0.02795216,0.033974834
81,48,4.7721045e-05,0.0017367862,0.024535384,0.03166153
82,48,2.6117446e-05,0.0012204308,0.021435563,0.02935267
83,48,1.4042691e-05,0.00084870233,0.018633135,0.027049838
84,48,7.417755e-06,0.00058407616,0.01610711,0.024754228
85,48,3.849415e-06,0.00039778504,0.013835451,0.02246668
86,48,1.9625313e-06,0.0002680871,0.011795378,0.020187682
87,48,9.829689e-07,0.00017877655,0.009963653,0.01791739
88,48,4.836873e-07,0.000117935284,0.008316793,0.01565566
89,48,2.3382408e-07,7.69106e-05,0.0068312376,0.013402068
90,48,1.11048585e-07,4.949478e-05,0.0054834867,0.011155936
91,48,5.1813075e-08,3.1278305e-05,0.00425017,0.008916368
92,48,2.375014e-08,1.9147004e-05,0.0031080951,0.0066822786
93,48,1.0695312e-08,1.08942495e-05,0.0020342525,0.0044524344
94,48,4.7317257e-09,4.921128e-06,0.0010057958,0.002225484
95,48,0.0,0.0,0.0,0.0
0,49,0.0,0.0,0.0,0.0
1,49,4.648586e-09,4.869483e-06,0.0010018676,0.0022219976
2,49,1.05073275e-08,1.077996e-05,0.0020263079,0.004445459
3,49,2.3332788e-08,1.894624e-05,0.0030959572,0.006671811
4,49,5.0902585e-08,3.0950545e-05,0.0042335736,0.008902401
5,49,1.09097385e-07,4.897649e-05,0.005462076,0.011138462
6,49,2.2971476e-07,7.610579e-05,0.0068045678,0.013381076
7,49,4.7518768e-07,0.00011670204,0.008284326,0.01563114
8,49,9.656957e-07,0.0001769084,0.009924765,0.017889326
9,49,1.9280465e-06,0.0002652876,0.011749347,0.020156063
10,49,3.7817708e-06,0.00039363393,0.013781466,0.022431495
11,49,7.2874063e-06,0.000577985,0.01604427,0.02471546
12,49,1.3795925e-05,0.000839857,0.01856045,0.027007477
13,49,2.5658423e-05,0.0012077192,0.021351961,0.029306704
14,49,4.6882506e-05,0.0017187074,0.024439706,0.03161195
15,49,8.415705e-05,0.0024205577,0.027843175,0.033921633
16,49,0.00014841299,0.0033737123,0.03158004,0.0362338
17,49,0.00025713062,0.004653517,0.03566571,0.03854611
18,49,0.00043765845,0.00635238,0.04011286,0.040855832
19,49,0.00073184306,0.008581729,0.044930954,0.043159846
20,49,0.0012022685,0.011473543,0.050125744,0.04545466
21,49,0.0019403741,0.015181189,0.055698793,0.047736414
22,49,0.0030765894,0.019879282,0.06164699,0.050000906
23,49,0.004792418,0.02576222,0.06796214,0.05224361
24,49,0.00733399,0.03304111,0.07463057,0.05445969
25,49,0.011026225,0.041938774,0.08163282,0.05664404
26,49,0.016285963,0.05268263,0.08894344,0.05879131
27,49,0.023632037,0.06549539,0.096530795,0.06089593
28,49,0.03368907,0.08058356,0.10435712,0.06295218
29,49,0.047182165,0.09812402,0.11237854,0.06495419
30,49,0.06491825,0.11824921,0.12054536,0.06689599
31,49,0.08775198,0.14103143,0.12880236,0.0687716
32,49,0.11653262,0.1664673,0.13708936,0.070574984
33,49,0.15203318,0.19446348,0.1453418,0.0723002
34,49,0.19486333,0.22482458,0.15349151,0.07394137
35,49,0.24537043,0.25724494,0.1614676,0.075492755
36,49,0.30353948,0.29130474,0.16919741,0.0769488
37,49,0.3688999,0.3264725,0.17660762,0.07830417
38,49,0.44045612,0.36211312,0.18362536,0.07955382
39,49,0.5166509,0.39750355,0.19017936,0.08069299
40,49,0.5953776,0.43185428,0.19620122,0.081717305
41,49,0.67404395,0.4643369,0.20162652,0.08262274
42,49,0.7496952,0.49411634,0.206396,0.083405726
43,49,0.8191846,0.520386,0.21045662,0.08406313
44,49,0.8793856,0.54240334,0.21376255,0.08459229
45,49,0.9274224,0.55952543,0.21627602,0.08499107
46,49,0.96089596,0.5712393,0.21796805,0.08525782
47,49,0.97808313,0.5771879,0.21881902,0.085391484
48,49,0.97808313,0.57718784,0.21881902,0.08539148
49,49,0.960896,0.57123935,0.21796805,0.08525783
50,49,0.9274223,0.55952543,0.21627602,0.08499106
51,49,0.8793856,0.54240334,0.21376255,0.08459228
52,49,0.8191846,0.5203859,0.21045662,0.08406312
53,49,0.74969494,0.4941163,0.20639601,0.083405726
54,49,0.67404395,0.46433684,0.20162654,0.08262274
55,49,0.5953776,0.43185425,0.19620124,0.08171731
56,49,0.5166511,0.39750355,0.19017938,0.08069299
57,49,0.44045594,0.36211312,0.18362536,0.07955382
58,49,0.3688999,0.3264725,0.17660762,0.07830417
59,49,0.30353948,0.29130474,0.16919743,0.0769488
60,49,0.24537057,0.2572449,0.16146761,0.075492755
61,49,0.19486322,0.22482458,0.15349153,0.073941365
62,49,0.15203318,0.19446346,0.14534181,0.0723002
63,49,0.11653262,0.1664673,0.13708939,0.07057499
64,49,0.087751895,0.14103143,0.12880237,0.06877159
65,49,0.06491825,0.118249215,0.12054537,0.06689599
66,49,0.047182165,0.09812403,0.11237856,0.064954184
67,49,0.033689093,0.080583565,0.10435714,0.062952176
68,49,0.023632009,0.0654954,0.09653081,0.06089593
69,49,0.016285963,0.05268264,0.08894345,0.05879131
70,49,0.011026225,0.041938778,0.08163283,0.05664404
71,49,0.007333997,0.033041116,0.07463058,0.05445969
72,49,0.004792418,0.025762225,0.067962155,0.052243613
73,49,0.0030765894,0.019879285,0.061647005,0.05000091
74,49,0.0019403741,0.01518119,0.05569881,0.047736418
75,49,0.0012022662,0.011473544,0.05012576,0.045454662
76,49,0.00073184306,0.008581731,0.044930965,0.043159854
77,49,0.00043765845,0.0063523804,0.040112868,0.04085584
78,49,0.00025713062,0.0046535176,0.035665717,0.038546123
79,49,0.00014841271,0.0033737128,0.03158005,0.036233813
80,49,8.415705e-05,0.002420558,0.027843187,0.033921644
81,49,4.6882506e-05,0.0017187078,0.024439717,0.031611957
82,49,2.5658497e-05,0.0012077196,0.02135197,0.029306715
83,49,1.3795925e-05,0.0008398572,0.01856046,0.027007489
84,49,7.2874063e-06,0.00057798513,0.01604428,0.024715472
85,49,3.7817708e-06,0.00039363402,0.013781472,0.022431506
86,49,1.9280446e-06,0.0002652877,0.011749351,0.020156074
87,49,9.656957e-07,0.00017690843,0.009924769,0.017889336
88,49,4.7518768e-07,0.00011670207,0.008284331,0.015631149
89,49,2.297152e-07,7.61058e-05,0.006804571,0.013381084
90,49,1.0909717e-07,4.89765e-05,0.0054620793,0.011138469
91,49,5.0902585e-08,3.0950552e-05,0.004233576,0.008902407
92,49,2.3332788e-08,1.8946244e-05,0.0030959593,0.006671816
93,49,1.0507368e-08,1.07799615e-05,0.002026309,0.0044454625
94,49,4.648577e-09,4.8694837e-06,0.0010018682,0.0022219992
95,49,0.0,0.0,0.0,0.0
0,50,0.0,0.0,0.0,0.0
1,50,4.486646e-09,4.7678136e-06,0.0009940583,0.002215043
2,50,1.014131e-08,1.0554966e-05,0.0020105138,0.0044315453
3,50,2.251996e-08,1.855101e-05,0.0030718276,0.006650929
4,50,4.912942e-08,3.0305302e-05,0.0042005796,0.008874537
5,50,1.05297026e-07,4.7956146e-05,0.005419512,0.0111036
6,50,2.2171254e-07,7.4521355e-05,0.0067515466,0.0133391945
7,50,4.586343e-07,0.00011427415,0.008219783,0.015582216
8,50,9.3205523e-07,0.00017323051,0.009847451,0.017833335
9,50,1.8608821e-06,0.00025977608,0.011657832,0.02009298
10,50,3.6500312e-06,0.00038546138,0.013674139,0.022361288
11,50,7.0335464e-06,0.0005659927,0.01591934,0.024638109
12,50,1.3315351e-05,0.00082244235,0.018415948,0.02692295
13,50,2.4764624e-05,0.0011826922,0.021185752,0.029214982
14,50,4.524929e-05,0.0016831127,0.02424949,0.031513013
15,50,8.122533e-05,0.0023704565,0.0276265,0.03381547
16,50,0.00014324283,0.003303922,0.031334322,0.036120407
17,50,0.00024817314,0.0045573045,0.03538824,0.03842548
18,50,0.00042241203,0.006221113,0.039800834,0.040727973
19,50,0.00070634834,0.008404485,0.044581495,0.04302478
20,50,0.0011603859,0.011236689,0.049735937,0.045312412
21,50,0.0018727785,0.0148679465,0.055265702,0.047587022
22,50,0.0029694121,0.01946929,0.061167706,0.049844433
23,50,0.0046254676,0.025231132,0.06743382,0.05208012
24,50,0.007078504,0.03236026,0.07405047,0.05428927
25,50,0.010642117,0.041074924,0.080998376,0.056466784
26,50,0.015718628,0.0515979,0.08825224,0.058607336
27,50,0.022808794,0.064147346,0.095780715,0.060705375
28,50,0.03251548,0.07892555,0.1035463,0.0627552
29,50,0.045538533,0.09610579,0.11150547,0.06475093
30,50,0.062656775,0.11581782,0.11960892,0.06668667
31,50,0.08469504,0.13813247,0.12780185,0.0685564
32,50,0.11247307,0.16304648,0.13602456,0.07035415
33,50,0.14673696,0.19046842,0.14421298,0.07207397
34,50,0.1880751,0.22020693,0.1522995,0.07371
35,50,0.23682272,0.2519626,0.16021371,0.075256534
36,50,0.29296538,0.28532434,0.16788357,0.076708026
37,50,0.3560489,0.31977135,0.1752363,0.07805916
38,50,0.4251124,0.35468176,0.18219961,0.0793049
39,50,0.49865285,0.38934723,0.18870279,0.080440514
40,50,0.57463706,0.42299438,0.19467796,0.08146162
41,50,0.650563,0.45481178,0.20006119,0.082364224
42,50,0.7235788,0.48398143,0.20479368,0.08314476
43,50,0.7906475,0.5097131,0.20882282,0.08380011
44,50,0.84875137,0.5312798,0.21210311,0.08432761
45,50,0.8951147,0.5480514,0.21459708,0.08472514
46,50,0.9274222,0.55952543,0.216276,0.08499107
47,50,0.9440107,0.5653522,0.21712038,0.08512431
48,50,0.9440107,0.56535226,0.21712038,0.0851243
49,50,0.9274223,0.55952543,0.216276,0.08499106
50,50,0.89511466,0.54805136,0.21459709,0.08472513
51,50,0.84875137,0.5312798,0.21210311,0.0843276
52,50,0.7906475,0.5097131,0.20882282,0.0838001
53,50,0.72357863,0.4839814,0.20479369,0.083144754
54,50,0.650563,0.45481175,0.2000612,0.082364224
55,50,0.57463706,0.42299435,0.19467796,0.08146162
56,50,0.49865302,0.38934723,0.1887028,0.080440514
57,50,0.42511222,0.35468176,0.18219961,0.0793049
58,50,0.3560489,0.31977138,0.17523631,0.07805916
59,50,0.29296538,0.28532434,0.16788357,0.076708026
60,50,0.23682287,0.2519626,0.16021372,0.075256534
61,50,0.18807496,0.22020693,0.15229951,0.07371
62,50,0.14673696,0.1904684,0.144213,0.07207397
63,50,0.11247307,0.16304648,0.13602458,0.07035415
64,50,0.084694974,0.13813247,0.12780187,0.068556406
65,50,0.062656775,0.11581784,0.11960893,0.06668667
66,50,0.045538533,0.09610581,0.111505486,0.06475093
67,50,0.03251551,0.07892556,0.103546314,0.06275519
68,50,0.022808766,0.06414735,0.09578072,0.060705375
69,50,0.015718628,0.051597904,0.088252254,0.058607336
70,50,0.010642117,0.041074924,0.08099838,0.056466788
71,50,0.0070785144,0.03236026,0.074050486,0.05428927
72,50,0.0046254676,0.025231134,0.067433834,0.052080125
73,50,0.0029694121,0.019469291,0.06116772,0.049844436
74,50,0.0018727785,0.014867948,0.055265713,0.047587026
75,50,0.0011603837,0.011236691,0.04973595,0.045312412
76,50,0.00070634834,0.008404487,0.04458151,0.043024782
77,50,0.00042241203,0.0062211137,0.039800845,0.040727977
78,50,0.00024817314,0.0045573055,0.03538825,0.03842549
79,50,0.00014324255,0.0033039227,0.031334333,0.036120415
80,50,8.122533e-05,0.002370457,0.027626513,0.03381548
81,50,4.524929e-05,0.001683113,0.0242495,0.031513024
82,50,2.4764671e-05,0.0011826925,0.021185761,0.029214993
83,50,1.3315351e-05,0.0008224426,0.01841596,0.02692296
84,50,7.0335464e-06,0.0005659929,0.015919348,0.024638118
85,50,3.6500312e-06,0.00038546146,0.013674146,0.022361299
86,50,1.8608804e-06,0.00025977616,0.011657839,0.020092988
87,50,9.3205523e-07,0.00017323057,0.009847457,0.017833345
88,50,4.586343e-07,0.00011427419,0.008219788,0.015582225
89,50,2.2171297e-07,7.452138e-05,0.0067515513,0.013339203
90,50,1.0529683e-07,4.7956157e-05,0.005419515,0.011103607
91,50,4.912942e-08,3.030531e-05,0.004200582,0.008874543
92,50,2.251996e-08,1.8551016e-05,0.0030718294,0.0066509335
93,50,1.01413296e-08,1.0554968e-05,0.0020105152,0.004431549
94,50,4.4866377e-09,4.767815e-06,0.0009940589,0.0022150446
95,50,0.0,0.0,0.0,0.0
0,51,0.0,0.0,0.0,0.0
1,51,4.2542605e-09,4.6192754e-06,0.0009824584,0.0022046464
2,51,9.6160235e-09,1.02262475e-05,0.0019870533,0.004410746
3,51,2.1353499e-08,1.7973567e-05,0.0030359845,0.006619713
4,51,4.6584585e-08,2.9362567e-05,0.0041515697,0.008832885
5,51,9.9842985e-08,4.6465335e-05,0.005356286,0.011051485
6,51,2.1022855e-07,7.2206334e-05,0.0066727903,0.013276588
7,51,4.3487853e-07,0.00011072667,0.008123912,0.015509081
8,51,8.837778e-07,0.00016785652,0.00973261,0.017749637
9,51,1.7644944e-06,0.00025172273,0.011521896,0.019998675
10,51,3.4609714e-06,0.00037351952,0.013514714,0.022256339
11,51,6.6692314e-06,0.0005484692,0.015733767,0.024522474
12,51,1.2625658e-05,0.0007969949,0.018201305,0.026796594
13,51,2.3481896e-05,0.0011461206,0.020938862,0.02907787
14,51,4.2905565e-05,0.0016310976,0.023966936,0.03136512
15,51,7.701827e-05,0.0022972422,0.027304647,0.033656772
16,51,0.00013582343,0.0032019338,0.030969322,0.03595089
17,51,0.00023531879,0.0044167023,0.034976076,0.03824515
18,51,0.00040053303,0.006029279,0.039337344,0.04053684
19,51,0.0006697624,0.008145456,0.044062402,0.042822864
20,51,0.0011002827,0.010890542,0.0491569,0.045099765
21,51,0.0017757764,0.014410154,0.05462237,0.04736371
22,51,0.0028156103,0.018870095,0.06045576,0.04961052
23,51,0.0043858876,0.02445495,0.06664903,0.051835723
24,51,0.006711864,0.03136518,0.073188774,0.05403451
25,51,0.0100909,0.039812382,0.08005593,0.05620181
26,51,0.014904467,0.05001252,0.0872255,0.05833232
27,51,0.021627393,0.06217711,0.094666496,0.060420517
28,51,0.030831313,0.07650227,0.10234185,0.062460713
29,51,0.043179825,0.09315601,0.11020856,0.064447105
30,51,0.059411403,0.11226414,0.11821787,0.06637375
31,51,0.08030821,0.13389537,0.12631565,0.06823471
32,51,0.10664743,0.15804657,0.13444285,0.07002403
33,51,0.13913658,0.18462914,0.1425362,0.071735784
34,51,0.17833357,0.21345763,0.15052877,0.07336414
35,51,0.22455627,0.24424177,0.1583511,0.07490342
36,51,0.27779102,0.27658305,0.16593188,0.076348096
37,51,0.337607,0.30997667,0.17319927,0.077692896
38,51,0.4030933,0.34381968,0.18008173,0.07893279
39,51,0.47282466,0.3774254,0.18650942,0.08006309
40,51,0.5448732,0.4100441,0.19241521,0.0810794
41,51,0.61686647,0.44088912,0.19773595,0.08197777
42,51,0.6861004,0.4691674,0.20241348,0.08275464
43,51,0.7496952,0.49411288,0.20639585,0.08340691
44,51,0.8047895,0.5150206,0.20963807,0.083931945
45,51,0.8487514,0.5312798,0.2121031,0.08432761
46,51,0.87938553,0.5424034,0.21376254,0.08459229
47,51,0.8951148,0.54805213,0.2145971,0.0847249
48,51,0.8951148,0.54805213,0.2145971,0.0847249
49,51,0.8793856,0.54240334,0.21376254,0.08459229
50,51,0.84875137,0.5312798,0.2121031,0.0843276
51,51,0.8047895,0.51502067,0.20963807,0.083931945
52,51,0.7496952,0.49411285,0.20639585,0.08340691
53,51,0.6861002,0.46916738,0.2024135,0.08275464
54,51,0.61686647,0.4408891,0.19773595,0.08197777
55,51,0.5448732,0.41004407,0.19241522,0.0810794
56,51,0.47282487,0.37742537,0.18650943,0.080063075
57,51,0.40309313,0.34381965,0.18008174,0.07893279
58,51,0.337607,0.30997664,0.17319928,0.0776929
59,51,0.27779102,0.27658305,0.16593191,0.076348096
60,51,0.22455643,0.24424177,0.15835111,0.07490342
61,51,0.17833346,0.21345763,0.15052879,0.07336414
62,51,0.13913658,0.18462914,0.1425362,0.071735784
63,51,0.10664743,0.15804657,0.13444288,0.07002403
64,51,0.08030813,0.13389538,0.12631567,0.06823471
65,51,0.059411403,0.11226416,0.118217885,0.06637375
66,51,0.043179825,0.093156025,0.11020858,0.0644471
67,51,0.030831343,0.07650227,0.10234186,0.062460713
68,51,0.021627367,0.062177118,0.0946665,0.060420517
69,51,0.014904467,0.050012525,0.087225504,0.05833232
70,51,0.0100909,0.039812386,0.08005594,0.056201812
71,51,0.006711873,0.031365186,0.07318878,0.054034512
72,51,0.0043858876,0.024454951,0.06664904,0.051835727
73,51,0.0028156103,0.018870095,0.06045577,0.049610525
74,51,0.0017757764,0.014410156,0.05462238,0.04736371
75,51,0.0011002806,0.010890543,0.04915691,0.04509977
76,51,0.0006697624,0.008145458,0.044062413,0.042822868
77,51,0.00040053303,0.0060292794,0.039337356,0.040536843
78,51,0.00023531879,0.004416703,0.034976088,0.038245156
79,51,0.00013582331,0.003201934,0.030969333,0.0359509
80,51,7.701827e-05,0.0022972426,0.027304659,0.03365678
81,51,4.2905565e-05,0.001631098,0.023966948,0.03136513
82,51,2.3481942e-05,0.0011461208,0.020938871,0.029077882
83,51,1.2625658e-05,0.0007969951,0.018201314,0.026796604
84,51,6.6692314e-06,0.0005484693,0.015733775,0.024522483
85,51,3.4609714e-06,0.00037351964,0.013514722,0.02225635
86,51,1.7644928e-06,0.00025172278,0.011521903,0.019998685
87,51,8.837778e-07,0.00016785657,0.009732614,0.017749647
88,51,4.3487853e-07,0.00011072671,0.008123916,0.015509089
89,51,2.1022895e-07,7.2206356e-05,0.006672794,0.013276596
90,51,9.9842794e-08,4.6465346e-05,0.005356289,0.011051492
91,51,4.6584585e-08,2.9362574e-05,0.0041515725,0.008832891
92,51,2.1353499e-08,1.7973573e-05,0.0030359866,0.006619717
93,51,9.616041e-09,1.022625e-05,0.0019870547,0.004410749
94,51,4.2542445e-09,4.6192763e-06,0.000982459,0.002204648
95,51,0.0,0.0,0.0,0.0
0,52,0.0,0.0,0.0,0.0
1,52,3.9630175e-09,4.428396e-06,0.00096720207,0.0021908507
2,52,8.957736e-09,9.803822e-06,0.0019561981,0.0043831454
3,52,1.9891694e-08,1.7231498e-05,0.002988844,0.00657829
4,52,4.3395527e-08,2.8151035e-05,0.0040871114,0.008777613
5,52,9.300782e-08,4.454942e-05,0.005273131,0.010982331
6,52,1.9583668e-07,6.923109e-05,0.006569208,0.0131935105
7,52,4.051075e-07,0.000106167376,0.007997818,0.015412035
8,52,8.2327665e-07,0.00016094957,0.009581567,0.01763857
9,52,1.6437018e-06,0.0002413718,0.011343111,0.019873537
10,52,3.2240425e-06,0.0003581704,0.013305035,0.022117075
11,52,6.2126674e-06,0.0005259453,0.015489696,0.024369031
12,52,1.1761328e-05,0.0007642853,0.017918998,0.026628925
13,52,2.1874368e-05,0.0010991109,0.020614142,0.028895928
14,52,3.9968363e-05,0.0015642355,0.023595313,0.031168865
15,52,7.174573e-05,0.0022031276,0.026881332,0.03344618
16,52,0.0001265252,0.0030708283,0.03048926,0.035725947
17,52,0.00021920927,0.004235955,0.034433983,0.038005855
18,52,0.00037311323,0.005782668,0.038727734,0.040283207
19,52,0.0006239119,0.007812458,0.043379664,0.042554937
20,52,0.0010249597,0.010445537,0.048395324,0.044817593
21,52,0.0016542106,0.013821611,0.053776223,0.047067374
22,52,0.0026228598,0.018099746,0.05951936,0.049300138
23,52,0.0040856376,0.023457043,0.06561683,0.051511418
24,52,0.0062523843,0.030085836,0.07205542,0.05369645
25,52,0.009400099,0.03818914,0.078816354,0.055850197
26,52,0.013884134,0.04797418,0.08587506,0.05796738
27,52,0.020146824,0.059643917,0.093201,0.060042515
28,52,0.028720662,0.073386535,0.10075769,0.062069952
29,52,0.04022382,0.08936328,0.10850278,0.06404392
30,52,0.055344213,0.10769489,0.11638828,0.065958515
31,52,0.07481046,0.12844732,0.12436088,0.06780784
32,52,0.09934656,0.15161766,0.13236248,0.06958597
33,52,0.12961155,0.17712091,0.14033073,0.07128701
34,52,0.16612521,0.20477916,0.1481998,0.07290519
35,52,0.20918359,0.234314,0.15590124,0.07443484
36,52,0.25877398,0.26534304,0.1633649,0.07587049
37,52,0.31449515,0.29738203,0.17052,0.07720688
38,52,0.37549838,0.3298524,0.17729612,0.07843903
39,52,0.44045603,0.3620954,0.18362449,0.07956225
40,52,0.50757223,0.39339152,0.18943906,0.0805722
41,52,0.574637,0.4229861,0.19467759,0.08146495
42,52,0.6391313,0.45011812,0.19928288,0.082236975
43,52,0.69837254,0.47405252,0.20320372,0.08288515
44,52,0.7496952,0.49411288,0.20639585,0.08340691
45,52,0.7906476,0.5097132,0.2088228,0.0838001
46,52,0.81918454,0.5203859,0.21045661,0.08406313
47,52,0.833837,0.52580583,0.21127829,0.08419491
48,52,0.833837,0.5258058,0.21127829,0.084194906
49,52,0.8191846,0.5203859,0.21045661,0.08406312
50,52,0.7906475,0.5097131,0.2088228,0.0838001
51,52,0.7496952,0.49411285,0.20639585,0.08340691
52,52,0.69837254,0.4740525,0.20320372,0.08288515
53,52,0.6391311,0.45011806,0.19928288,0.082236975
54,52,0.574637,0.42298606,0.1946776,0.08146495
55,52,0.50757223,0.3933915,0.18943907,0.0805722
56,52,0.4404562,0.36209533,0.1836245,0.07956225
57,52,0.3754982,0.32985237,0.17729613,0.07843902
58,52,0.31449515,0.29738203,0.17052001,0.07720688
59,52,0.25877398,0.26534304,0.16336492,0.07587049
60,52,0.20918374,0.234314,0.15590127,0.07443484
61,52,0.1661251,0.20477916,0.14819981,0.07290519
62,52,0.12961155,0.1771209,0.14033073,0.07128701
63,52,0.09934656,0.15161765,0.13236248,0.06958597
64,52,0.07481039,0.12844734,0.1243609,0.06780784
65,52,0.055344213,0.1076949,0.11638829,0.065958515
66,52,0.04022382,0.089363284,0.10850279,0.06404392
67,52,0.02872069,0.07338654,0.100757696,0.062069956
68,52,0.0201468,0.05964392,0.09320101,0.06004252
69,52,0.013884134,0.047974184,0.08587507,0.057967383
70,52,0.009400099,0.03818914,0.07881637,0.0558502
71,52,0.0062523903,0.030085837,0.07205543,0.053696454
72,52,0.0040856376,0.023457045,0.06561684,0.05151142
73,52,0.0026228598,0.018099748,0.059519373,0.04930014
74,52,0.0016542106,0.013821613,0.053776234,0.047067378
75,52,0.0010249577,0.010445539,0.048395336,0.044817597
76,52,0.0006239119,0.007812459,0.043379676,0.04255494
77,52,0.00037311323,0.005782669,0.03872775,0.040283214
78,52,0.00021920927,0.004235956,0.034433994,0.038005862
79,52,0.00012652508,0.0030708287,0.030489272,0.03572596
80,52,7.174573e-05,0.002203128,0.026881343,0.033446193
81,52,3.9968363e-05,0.001564236,0.023595322,0.031168876
82,52,2.187443e-05,0.0010991113,0.02061415,0.028895937
83,52,1.1761328e-05,0.00076428545,0.017919008,0.026628932
84,52,6.2126674e-06,0.0005259454,0.015489704,0.024369042
85,52,3.2240425e-06,0.00035817048,0.013305043,0.022117086
86,52,1.6436987e-06,0.00024137188,0.011343117,0.019873546
87,52,8.2327665e-07,0.00016094961,0.009581572,0.017638579
88,52,4.051075e-07,0.000106167405,0.007997822,0.015412044
89,52,1.9583723e-07,6.92311e-05,0.006569212,0.013193518
90,52,9.300764e-08,4.4549426e-05,0.005273134,0.010982337
91,52,4.3395527e-08,2.815104e-05,0.0040871142,0.008777618
92,52,1.9891694e-08,1.7231501e-05,0.0029888456,0.006578294
93,52,8.957753e-09,9.803824e-06,0.0019561993,0.0043831486
94,52,3.96301e-09,4.428397e-06,0.0009672027,0.0021908523
95,52,0.0,0.0,0.0,0.0
0,53,0.0,0.0,0.0,0.0
1,53,3.6268468e-09,4.2008473e-06,0.00094846427,0.002173712
2,53,8.197863e-09,9.300236e-06,0.0019183016,0.0043488564
3,53,1.8204343e-08,1.6346838e-05,0.0029309455,0.0065268287
4,53,3.9714415e-08,2.6706657e-05,0.004007944,0.008708946
5,53,8.5118245e-08,4.2265194e-05,0.0051709996,0.010896418
6,53,1.7922427e-07,6.568379e-05,0.006441988,0.013090301
7,53,3.7074312e-07,0.00010073126,0.00784295,0.015291471
8,53,7.534399e-07,0.00015271406,0.009396056,0.01750059
9,53,1.5042701e-06,0.00022902948,0.011123523,0.019718073
10,53,2.9505538e-06,0.00033986766,0.013047505,0.021944063
11,53,5.6856657e-06,0.0004990862,0.015189924,0.024178402
12,53,1.076364e-05,0.000725279,0.017572263,0.02642062
13,53,2.0018811e-05,0.0010430502,0.020215316,0.028669894
14,53,3.6577934e-05,0.001484498,0.023138875,0.030925054
15,53,6.56597e-05,0.0020908862,0.026361402,0.033184562
16,53,0.00011579234,0.0029144676,0.029899633,0.035446495
17,53,0.00020061422,0.004020384,0.033768162,0.037708573
18,53,0.0003414627,0.0054885373,0.037978996,0.039968118
19,53,0.00057098654,0.007415283,0.042541094,0.042222075
20,53,0.0009380142,0.009914758,0.04745992,0.04446704
21,53,0.0015138868,0.01311961,0.052736945,0.046699226
22,53,0.0024003682,0.017180871,0.05836923,0.048914533
23,53,0.0037390634,0.022266712,0.06434902,0.05110852
24,53,0.005722008,0.028559763,0.07066336,0.053276468
25,53,0.008602705,0.03625281,0.07729386,0.055413373
26,53,0.012706373,0.045542654,0.08421637,0.057514
27,53,0.018437812,0.05662202,0.09140098,0.059572913
28,53,0.02628435,0.06966966,0.09881191,0.0615845
29,53,0.03681172,0.08483872,0.10640763,0.06354302
30,53,0.050649483,0.102243885,0.11414104,0.06544265
31,53,0.068464436,0.12194787,0.12195991,0.06727752
32,53,0.09091923,0.1439479,0.1298072,0.06904175
33,53,0.11861691,0.16816339,0.13762182,0.0707295
34,53,0.15203318,0.19442542,0.14533918,0.07233502
35,53,0.19143902,0.22246964,0.15289216,0.07385272
36,53,0.23682272,0.25193304,0.16021194,0.07527714
37,53,0.28781718,0.28235567,0.16722909,0.076603085
38,53,0.34364566,0.3131883,0.1738746,0.07782559
39,53,0.40309313,0.34380522,0.18008101,0.078940034
40,53,0.464516,0.37352335,0.1857835,0.07994209
41,53,0.52589184,0.40162584,0.19092107,0.08082788
42,53,0.5849152,0.4273901,0.1954376,0.08159385
43,53,0.6391311,0.4501181,0.19928288,0.082236975
44,53,0.6861002,0.46916738,0.20241348,0.08275464
45,53,0.72357875,0.4839814,0.20479368,0.083144754
46,53,0.74969494,0.4941163,0.206396,0.08340573
47,53,0.76310444,0.49926305,0.20720185,0.08353648
48,53,0.76310444,0.49926305,0.20720185,0.083536476
49,53,0.74969494,0.4941163,0.206396,0.083405726
50,53,0.72357863,0.4839814,0.20479368,0.083144754
51,53,0.6861002,0.46916738,0.20241348,0.08275464
52,53,0.6391311,0.45011806,0.19928288,0.082236975
53,53,0.58491504,0.4273901,0.19543761,0.081593856
54,53,0.52589184,0.40162584,0.19092108,0.08082788
55,53,0.464516,0.37352332,0.18578352,0.0799421
56,53,0.40309328,0.34380522,0.18008102,0.078940034
57,53,0.3436455,0.31318828,0.17387462,0.07782559
58,53,0.28781718,0.28235567,0.1672291,0.076603085
59,53,0.23682272,0.251933,0.16021195,0.07527714
60,53,0.19143914,0.22246963,0.15289217,0.07385272
61,53,0.15203309,0.19442542,0.1453392,0.07233503
62,53,0.11861691,0.16816339,0.13762183,0.0707295
63,53,0.09091923,0.14394791,0.1298072,0.06904175
64,53,0.068464406,0.12194786,0.12195992,0.06727752
65,53,0.050649483,0.102243885,0.114141054,0.06544266
66,53,0.03681172,0.08483872,0.106407635,0.06354302
67,53,0.026284376,0.069669664,0.098811924,0.0615845
68,53,0.01843779,0.056622025,0.091400996,0.059572916
69,53,0.012706373,0.045542657,0.084216386,0.057514004
70,53,0.008602705,0.036252815,0.07729387,0.055413377
71,53,0.0057220166,0.028559767,0.07066338,0.05327647
72,53,0.0037390634,0.022266716,0.06434903,0.051108524
73,53,0.0024003682,0.017180875,0.05836924,0.048914537
74,53,0.0015138868,0.013119611,0.052736957,0.04669923
75,53,0.0009380133,0.00991476,0.047459934,0.044467043
76,53,0.00057098654,0.0074152844,0.04254111,0.04222208
77,53,0.0003414627,0.005488538,0.037979007,0.03996812
78,53,0.00020061422,0.0040203845,0.033768173,0.03770858
79,53,0.00011579223,0.002914468,0.029899644,0.035446502
80,53,6.56597e-05,0.0020908867,0.026361413,0.03318457
81,53,3.6577934e-05,0.0014844984,0.023138883,0.030925062
82,53,2.001887e-05,0.0010430505,0.020215323,0.028669903
83,53,1.076364e-05,0.00072527915,0.01757227,0.02642063
84,53,5.6856657e-06,0.0004990864,0.015189931,0.024178416
85,53,2.9505538e-06,0.00033986775,0.013047513,0.021944074
86,53,1.5042688e-06,0.00022902955,0.01112353,0.019718083
87,53,7.534399e-07,0.0001527141,0.009396061,0.017500598
88,53,3.7074312e-07,0.00010073129,0.007842954,0.015291479
89,53,1.7922478e-07,6.56838e-05,0.0064419913,0.013090308
90,53,8.511809e-08,4.2265205e-05,0.005171003,0.010896425
91,53,3.9714415e-08,2.6706663e-05,0.0040079467,0.008708952
92,53,1.8204343e-08,1.634684e-05,0.0029309473,0.006526833
93,53,8.197894e-09,9.300238e-06,0.0019183028,0.0043488597
94,53,3.626833e-09,4.200848e-06,0.00094846485,0.0021737136
95,53,0.0,0.0,0.0,0.0
0,54,0.0,0.0,0.0,0.0
1,54,3.2608658e-09,3.943165e-06,0.0009264574,0.0021532993
2,54,7.370639e-09,8.729952e-06,0.0018737934,0.0043080174
3,54,1.6367363e-08,1.5344971e-05,0.002862946,0.006465537
4,54,3.570688e-08,2.5070862e-05,0.0039149644,0.008627163
5,54,7.6529055e-08,3.9678154e-05,0.00505105,0.010794094
6,54,1.611391e-07,6.1666055e-05,0.006292571,0.012967375
7,54,3.3333214e-07,9.457399e-05,0.007661061,0.015147875
8,54,6.774111e-07,0.00014338562,0.009178175,0.01733625
9,54,1.3524759e-06,0.0002150487,0.010865621,0.019532911
10,54,2.6528166e-06,0.0003191344,0.012745039,0.021737998
11,54,5.1119314e-06,0.00046865936,0.014837843,0.023951361
12,54,9.677502e-06,0.0006810895,0.017165022,0.026172524
13,54,1.7998753e-05,0.0009795381,0.019746892,0.028400678
14,54,3.2886863e-05,0.0013941585,0.022602785,0.030634666
15,54,5.9033988e-05,0.0019637172,0.025750743,0.03287296
16,54,0.000104107865,0.0027373051,0.029207109,0.035113662
17,54,0.00018037029,0.0037761263,0.03298614,0.037354503
18,54,0.00030700606,0.005155255,0.03709958,0.039592832
19,54,0.0005133689,0.006965228,0.04155618,0.041825633
20,54,0.0008433602,0.009313293,0.046361264,0.04404952
21,54,0.0013611221,0.0123240985,0.051516283,0.046260756
22,54,0.0021581477,0.016139574,0.057018366,0.048455264
23,54,0.003361757,0.020917755,0.06285993,0.05062866
24,54,0.0051446063,0.026830282,0.06902835,0.05277625
25,54,0.007734615,0.03405834,0.07550561,0.054893102
26,54,0.011424187,0.042786893,0.08226817,0.056974012
27,54,0.016577268,0.0531971,0.08928679,0.0590136
28,54,0.02363202,0.06545699,0.09652651,0.061006308
29,54,0.03309708,0.079710506,0.10394675,0.062946446
30,54,0.0455385,0.096065536,0.11150155,0.06482825
31,54,0.061555766,0.114581026,0.11913983,0.0666459
32,54,0.08174463,0.13525447,0.1268059,0.06839356
33,54,0.10664739,0.15801013,0.13444005,0.070065476
34,54,0.13669166,0.1826894,0.14197922,0.07165594
35,54,0.1721211,0.20904383,0.14935778,0.07315938
36,54,0.21292518,0.2367323,0.15650856,0.07457044
37,54,0.2587738,0.26532266,0.16336372,0.07588394
38,54,0.3089687,0.29429856,0.16985582,0.07709497
39,54,0.36241737,0.3230721,0.17591895,0.078198954
40,54,0.41764218,0.3510012,0.1814898,0.07919162
41,54,0.4728246,0.37741217,0.18650877,0.08006908
42,54,0.525892,0.40162584,0.19092107,0.08082788
43,54,0.574637,0.42298603,0.19467758,0.08146495
44,54,0.61686647,0.4408891,0.19773594,0.08197777
45,54,0.65056306,0.45481175,0.2000612,0.082364224
46,54,0.67404395,0.46433684,0.20162652,0.08262275
47,54,0.6861003,0.46917394,0.20241377,0.08275227
48,54,0.6861003,0.46917397,0.20241378,0.082752265
49,54,0.67404395,0.46433684,0.20162652,0.08262274
50,54,0.650563,0.45481175,0.20006119,0.082364224
51,54,0.61686647,0.44088906,0.19773595,0.08197777
52,54,0.574637,0.42298606,0.19467759,0.08146495
53,54,0.52589184,0.40162584,0.19092107,0.08082788
54,54,0.4728246,0.37741214,0.1865088,0.08006908
55,54,0.41764218,0.3510012,0.18148981,0.079191625
56,54,0.36241752,0.3230721,0.17591897,0.07819896
57,54,0.30896857,0.29429856,0.16985583,0.07709497
58,54,0.2587738,0.26532266,0.16336374,0.07588394
59,54,0.21292518,0.2367323,0.15650858,0.07457044
60,54,0.1721212,0.20904385,0.1493578,0.07315939
61,54,0.13669159,0.18268938,0.14197922,0.07165594
62,54,0.10664739,0.15801013,0.13444005,0.070065476
63,54,0.08174463,0.13525447,0.1268059,0.068393566
64,54,0.061555706,0.114581026,0.119139835,0.0666459
65,54,0.0455385,0.096065536,0.11150156,0.06482825
66,54,0.03309708,0.07971051,0.10394677,0.062946446
67,54,0.023632042,0.06545699,0.09652652,0.061006308
68,54,0.016577253,0.053197104,0.089286804,0.0590136
69,54,0.011424187,0.042786893,0.082268186,0.056974016
70,54,0.007734615,0.03405834,0.07550562,0.054893102
71,54,0.005144614,0.026830284,0.06902836,0.052776255
72,54,0.003361757,0.020917758,0.062859945,0.050628662
73,54,0.0021581477,0.016139576,0.05701838,0.04845527
74,54,0.0013611221,0.012324101,0.051516294,0.04626076
75,54,0.0008433586,0.009313295,0.04636128,0.044049524
76,54,0.0005133689,0.0069652293,0.04155619,0.041825637
77,54,0.00030700606,0.005155256,0.037099592,0.03959284
78,54,0.00018037029,0.0037761272,0.032986157,0.037354507
79,54,0.00010410767,0.0027373058,0.02920712,0.03511367
80,54,5.9033988e-05,0.0019637176,0.025750753,0.032872967
81,54,3.2886863e-05,0.0013941588,0.022602795,0.030634675
82,54,1.7998787e-05,0.0009795383,0.0197469,0.028400688
83,54,9.677502e-06,0.00068108964,0.01716503,0.026172534
84,54,5.1119314e-06,0.00046865948,0.014837851,0.023951372
85,54,2.6528166e-06,0.00031913447,0.012745044,0.021738011
86,54,1.3524746e-06,0.00021504876,0.010865627,0.01953292
87,54,6.774111e-07,0.00014338568,0.009178181,0.017336259
88,54,3.3333214e-07,9.457402e-05,0.0076610646,0.0151478825
89,54,1.6113955e-07,6.166607e-05,0.0062925746,0.012967382
90,54,7.652891e-08,3.9678165e-05,0.0050510527,0.010794099
91,54,3.570688e-08,2.5070865e-05,0.0039149667,0.00862717
92,54,1.6367363e-08,1.5344973e-05,0.0028629478,0.006465541
93,54,7.370653e-09,8.729953e-06,0.0018737946,0.0043080207
94,54,3.2608596e-09,3.9431657e-06,0.000926458,0.0021533007
95,54,0.0,0.0,0.0,0.0
0,55,0.0,0.0,0.0,0.0
1,55,2.8802958e-09,3.6624394e-06,0.00090142706,0.002129694
2,55,6.5104246e-09,8.108655e-06,0.0018231703,0.004260792
3,55,1.4457128e-08,1.4253446e-05,0.002785604,0.0063946596
4,55,3.153959e-08,2.3288598e-05,0.0038092104,0.00853259
5,55,6.759748e-08,3.685934e-05,0.0049146195,0.0106757665
6,55,1.4233296e-07,5.7288165e-05,0.0061226245,0.012825224
7,55,2.944298e-07,8.7864435e-05,0.0074541797,0.014981822
8,55,5.9835105e-07,0.00013321999,0.008930358,0.01714621
9,55,1.1946297e-06,0.00019981244,0.010572282,0.019318793
10,55,2.343209e-06,0.0002965383,0.012401009,0.021499712
11,55,4.515327e-06,0.00043549718,0.01443738,0.023688814
12,55,8.54805e-06,0.0006329254,0.01670182,0.025885629
13,55,1.5898135e-05,0.00091031025,0.019214094,0.028089363
14,55,2.9048695e-05,0.0012956851,0.021993022,0.030298864
15,55,5.2144285e-05,0.0018250926,0.025056157,0.032512628
16,55,9.195762e-05,0.0025441768,0.028419405,0.03472877
17,55,0.00015931974,0.0035098465,0.032096647,0.036945056
18,55,0.00027117616,0.0047919103,0.0360993,0.039158855
19,55,0.00045345476,0.00647456,0.040435888,0.041367188
20,55,0.00074493344,0.008657531,0.045111593,0.043566704
21,55,0.0012022685,0.011456743,0.05012783,0.045753706
22,55,0.0019062759,0.015004199,0.055481806,0.047924172
23,55,0.0029694121,0.019446881,0.061166156,0.05007375
24,55,0.0045441906,0.024944434,0.06716856,0.052197814
25,55,0.006831925,0.031665392,0.07347153,0.054291464
26,55,0.010090889,0.03978182,0.080052145,0.056349576
27,55,0.014642565,0.049462233,0.086881936,0.058366813
28,55,0.020873973,0.060862955,0.09392691,0.06033769
29,55,0.029234385,0.07411796,0.10114757,0.062256575
30,55,0.04022378,0.08932759,0.10849918,0.06411776
31,55,0.05437171,0.10654678,0.115932025,0.065915495
32,55,0.07220439,0.12577325,0.12339195,0.067644015
33,55,0.094200775,0.14693664,0.13082083,0.069297604
34,55,0.120738626,0.16988945,0.13815726,0.07087064
35,55,0.15203318,0.19440068,0.14533746,0.07235762
36,55,0.1880751,0.22015308,0.15229599,0.073753215
37,55,0.22857283,0.24674468,0.15896687,0.07505231
38,55,0.27290958,0.27369523,0.16528445,0.07625009
39,55,0.32012036,0.30045792,0.17118458,0.07734198
40,55,0.36889994,0.3264355,0.1766057,0.07832376
41,55,0.41764218,0.3510012,0.1814898,0.07919162
42,55,0.46451616,0.37352332,0.1857835,0.07994209
43,55,0.50757223,0.3933915,0.18943906,0.0805722
44,55,0.5448732,0.41004404,0.1924152,0.0810794
45,55,0.5746371,0.42299435,0.19467796,0.08146162
46,55,0.59537756,0.43185425,0.19620122,0.08171731
47,55,0.6060269,0.4363535,0.19696732,0.08184542
48,55,0.6060269,0.4363535,0.19696732,0.08184541
49,55,0.5953776,0.43185425,0.19620124,0.08171731
50,55,0.57463706,0.42299435,0.19467796,0.08146162
51,55,0.5448732,0.41004404,0.19241522,0.0810794
52,55,0.50757223,0.3933915,0.18943906,0.08057221
53,55,0.464516,0.37352332,0.1857835,0.0799421
54,55,0.41764218,0.3510012,0.18148981,0.079191625
55,55,0.36889994,0.32643548,0.17660572,0.07832377
56,55,0.32012048,0.30045792,0.17118461,0.07734199
57,55,0.27290943,0.27369523,0.16528447,0.0762501
58,55,0.22857283,0.24674466,0.15896688,0.07505232
59,55,0.1880751,0.22015308,0.152296,0.073753215
60,55,0.15203327,0.1944007,0.14533748,0.072357625
61,55,0.12073857,0.16988945,0.13815728,0.07087064
62,55,0.094200775,0.14693666,0.13082083,0.0692976
63,55,0.07220439,0.12577324,0.12339195,0.06764401
64,55,0.054371662,0.10654678,0.11593203,0.06591548
65,55,0.04022378,0.089327596,0.10849918,0.06411775
66,55,0.029234385,0.07411796,0.10114758,0.06225657
67,55,0.020873994,0.060862962,0.093926914,0.060337685
68,55,0.014642551,0.04946224,0.08688195,0.058366813
69,55,0.010090889,0.039781824,0.08005216,0.056349576
70,55,0.006831925,0.0316654,0.073471546,0.054291464
71,55,0.004544195,0.02494444,0.06716858,0.052197814
72,55,0.0029694121,0.019446885,0.06116617,0.050073754
73,55,0.0019062759,0.015004202,0.055481825,0.047924176
74,55,0.0012022685,0.011456746,0.050127845,0.04575371
75,55,0.00074493204,0.008657533,0.045111608,0.043566708
76,55,0.00045345476,0.0064745615,0.0404359,0.04136719
77,55,0.00027117616,0.004791911,0.03609931,0.039158862
78,55,0.00015931974,0.0035098472,0.032096658,0.03694506
79,55,9.195753e-05,0.0025441775,0.028419416,0.034728777
80,55,5.2144285e-05,0.001825093,0.025056165,0.032512635
81,55,2.9048695e-05,0.0012956854,0.02199303,0.030298872
82,55,1.5898166e-05,0.0009103105,0.019214101,0.02808937
83,55,8.54805e-06,0.00063292554,0.016701827,0.025885638
84,55,4.515327e-06,0.00043549726,0.014437387,0.023688821
85,55,2.343209e-06,0.00029653838,0.0124010155,0.02149972
86,55,1.1946297e-06,0.0001998125,0.010572288,0.019318802
87,55,5.9835105e-07,0.00013322003,0.008930364,0.017146219
88,55,2.944298e-07,8.7864464e-05,0.007454184,0.0149818305
89,55,1.4233323e-07,5.7288184e-05,0.006122628,0.012825231
90,55,6.7597355e-08,3.685935e-05,0.0049146223,0.010675772
91,55,3.153959e-08,2.3288603e-05,0.0038092127,0.008532597
92,55,1.4457128e-08,1.4253448e-05,0.0027856056,0.0063946643
93,55,6.510437e-09,8.1086555e-06,0.0018231716,0.004260795
94,55,2.8802902e-09,3.6624401e-06,0.00090142764,0.0021296954
95,55,0.0,0.0,0.0,0.0
0,56,0.0,0.0,0.0,0.0
1,56,2.4994344e-09,3.3659924e-06,0.0008736478,0.0021029902
2,56,5.6495515e-09,7.452543e-06,0.0017669876,0.004207366
3,56,1.2545486e-08,1.3100711e-05,0.0026997677,0.0063144783
4,56,2.7369163e-08,2.1406297e-05,0.003691841,0.008425602
5,56,5.8659072e-08,3.3882145e-05,0.0047632037,0.010541905
6,56,1.2351228e-07,5.2664032e-05,0.005934012,0.012664412
7,56,2.5549738e-07,8.077709e-05,0.0072245747,0.01479397
8,56,5.192316e-07,0.00012248138,0.008655319,0.016931219
9,56,1.0366648e-06,0.00018371653,0.010246718,0.019076563
10,56,2.0333684e-06,0.00027266596,0.012019187,0.021230139
11,56,3.918269e-06,0.00040046024,0.013992924,0.023391794
12,56,7.417741e-06,0.000582036,0.016187727,0.02556107
13,56,1.3795925e-05,0.0008371617,0.018622758,0.027737176
14,56,2.520761e-05,0.0011916298,0.021316262,0.029918978
15,56,4.524929e-05,0.0016786034,0.02428525,0.032104988
16,56,7.979814e-05,0.0023400823,0.027545145,0.03429335
17,56,0.00013825303,0.0032284346,0.031109404,0.036481854
18,56,0.00023531856,0.0044079022,0.034989092,0.038667906
19,56,0.00039349464,0.0059559667,0.039192475,0.040848553
20,56,0.00064643123,0.007964419,0.043724585,0.0430205
21,56,0.001043293,0.0105399545,0.048586782,0.045180093
22,56,0.0016542091,0.013804069,0.053776372,0.047323354
23,56,0.0025767693,0.017892063,0.059286203,0.04944599
24,56,0.0039433143,0.022950895,0.06510436,0.05154343
25,56,0.0059285397,0.02913572,0.07121387,0.05361084
26,56,0.008756576,0.03660494,0.07759253,0.05564316
27,56,0.0127063915,0.045513723,0.08421273,0.057635117
28,56,0.018113816,0.05600601,0.091041535,0.05958129
29,56,0.025368735,0.06820516,0.098040655,0.061476126
30,56,0.03490501,0.08220365,0.105166726,0.06331398
31,56,0.047182165,0.098052084,0.112371564,0.06508919
32,56,0.062656835,0.115748435,0.119602665,0.06679605
33,56,0.08174463,0.13522801,0.12680368,0.068428926
34,56,0.10477342,0.1563551,0.13391513,0.069982246
35,56,0.1319299,0.17891708,0.14087513,0.07145059
36,56,0.16320601,0.20262195,0.14762028,0.072828695
37,56,0.19834875,0.22709973,0.15408657,0.07411153
38,56,0.23682287,0.25190836,0.16021045,0.075294286
39,56,0.27779102,0.2765444,0.16592969,0.07637249
40,56,0.32012048,0.30045792,0.17118458,0.07734198
41,56,0.36241752,0.3230721,0.17591894,0.078198954
42,56,0.4030934,0.34380522,0.18008101,0.078940034
43,56,0.4404562,0.36209536,0.18362449,0.07956225
44,56,0.47282487,0.37742534,0.18650942,0.08006309
45,56,0.4986531,0.3893472,0.18870279,0.080440514
46,56,0.51665103,0.39750353,0.19017936,0.08069299
47,56,0.5258922,0.4016455,0.19092198,0.0808195
48,56,0.5258922,0.4016455,0.19092198,0.080819495
49,56,0.5166511,0.39750353,0.19017936,0.080693
50,56,0.49865302,0.3893472,0.1887028,0.08044051
51,56,0.47282487,0.37742537,0.18650943,0.08006308
52,56,0.4404562,0.36209533,0.1836245,0.07956225
53,56,0.40309328,0.34380522,0.18008102,0.078940034
54,56,0.36241752,0.3230721,0.17591895,0.07819896
55,56,0.32012048,0.30045792,0.17118461,0.07734199
56,56,0.27779108,0.27654433,0.1659297,0.0763725
57,56,0.23682272,0.25190836,0.16021048,0.07529429
58,56,0.19834875,0.22709975,0.15408659,0.07411153
59,56,0.16320601,0.20262197,0.14762029,0.072828695
60,56,0.13192996,0.1789171,0.14087513,0.07145059
61,56,0.104773365,0.1563551,0.13391513,0.06998224
62,56,0.08174463,0.13522801,0.12680368,0.06842892
63,56,0.062656835,0.115748435,0.11960267,0.06679604
64,56,0.04718212,0.098052084,0.11237157,0.06508919
65,56,0.03490501,0.08220366,0.10516673,0.06331398
66,56,0.025368735,0.06820517,0.09804066,0.061476123
67,56,0.018113835,0.056006018,0.09104154,0.059581283
68,56,0.012706373,0.04551373,0.08421274,0.057635114
69,56,0.008756576,0.03660495,0.07759254,0.055643156
70,56,0.0059285397,0.029135726,0.071213886,0.05361084
71,56,0.00394332,0.022950903,0.06510438,0.05154343
72,56,0.0025767693,0.017892066,0.05928622,0.04944599
73,56,0.0016542091,0.0138040725,0.053776383,0.047323354
74,56,0.001043293,0.010539956,0.048586797,0.045180097
75,56,0.00064643,0.007964421,0.043724597,0.043020505
76,56,0.00039349464,0.005955968,0.039192487,0.04084856
77,56,0.00023531856,0.0044079027,0.034989104,0.03866791
78,56,0.00013825303,0.0032284353,0.031109415,0.03648186
79,56,7.979799e-05,0.0023400828,0.027545156,0.03429336
80,56,4.524929e-05,0.0016786037,0.024285259,0.032104995
81,56,2.520761e-05,0.0011916301,0.021316271,0.029918985
82,56,1.3795964e-05,0.0008371619,0.018622765,0.027737183
83,56,7.417741e-06,0.00058203615,0.016187733,0.02556108
84,56,3.918269e-06,0.00040046033,0.013992929,0.023391804
85,56,2.0333684e-06,0.00027266605,0.012019193,0.021230148
86,56,1.0366648e-06,0.00018371659,0.010246725,0.019076573
87,56,5.192316e-07,0.00012248142,0.008655325,0.01693123
88,56,2.5549738e-07,8.0777114e-05,0.007224579,0.014793979
89,56,1.2351252e-07,5.2664047e-05,0.0059340154,0.01266442
90,56,5.865896e-08,3.3882156e-05,0.004763207,0.010541911
91,56,2.7369163e-08,2.14063e-05,0.0036918435,0.008425607
92,56,1.2545486e-08,1.3100715e-05,0.002699769,0.0063144825
93,56,5.649562e-09,7.4525437e-06,0.0017669888,0.0042073694
94,56,2.4994296e-09,3.3659928e-06,0.0008736483,0.0021029916
95,56,0.0,0.0,0.0,0.0
0,57,0.0,0.0,0.0,0.0
1,57,2.1308204e-09,3.0610652e-06,0.00084341783,0.0020732917
2,57,4.8163615e-09,6.7776414e-06,0.0017058485,0.00414795
3,57,1.0695292e-08,1.1914909e-05,0.0026063581,0.006225305
4,57,2.3332744e-08,1.946989e-05,0.0035641168,0.008306616
5,57,5.0008097e-08,3.0819185e-05,0.0045984294,0.010393034
6,57,1.0529683e-07,4.790639e-05,0.005728757,0.0124855675
7,57,2.1781669e-07,7.348467e-05,0.0069747097,0.014585054
8,57,4.426563e-07,0.000111431335,0.00835601,0.016692122
9,57,8.837794e-07,0.00016715282,0.0098924255,0.018807173
10,57,1.7334911e-06,0.00024809837,0.011603667,0.020930339
11,57,3.3404037e-06,0.00036440074,0.01350924,0.023061473
12,57,6.3237867e-06,0.0005296584,0.01562826,0.025200117
13,57,1.1761328e-05,0.00076186983,0.017979227,0.027345499
14,57,2.149004e-05,0.0010845197,0.02057976,0.029496495
15,57,3.8575938e-05,0.0015278058,0.023446288,0.03165164
16,57,6.80296e-05,0.0021299748,0.026593702,0.033809107
17,57,0.00011786351,0.0029387174,0.030034998,0.03596671
18,57,0.00020061403,0.0040125423,0.033780858,0.038121898
19,57,0.0003354623,0.0054220185,0.037839275,0.040271766
20,57,0.0005510963,0.0072507546,0.042215094,0.04241305
21,57,0.00088942895,0.009595938,0.046909645,0.044542152
22,57,0.0014102481,0.012568248,0.051920317,0.04665516
23,57,0.0021967492,0.016290942,0.05724022,0.04874783
24,57,0.0033617585,0.02089791,0.06285784,0.050815664
25,57,0.005054205,0.026530517,0.0687568,0.052853893
26,57,0.0074651656,0.033333097,0.07491565,0.054857522
27,57,0.0108324615,0.041447047,0.08130775,0.056821365
28,57,0.0154424105,0.05100355,0.08790127,0.058740072
29,57,0.021627381,0.062115055,0.09465928,0.06060816
30,57,0.029757256,0.074865855,0.101539865,0.06242008
31,57,0.04022378,0.08930214,0.108496554,0.064170234
32,57,0.053416274,0.10542213,0.115478605,0.065853
33,57,0.069689035,0.12316696,0.12243162,0.067462824
34,57,0.089321546,0.14241305,0.12929817,0.068994224
35,57,0.11247302,0.16296676,0.1360185,0.07044184
36,57,0.13913657,0.18456207,0.1425314,0.0718005
37,57,0.16909648,0.20686194,0.14877507,0.07306523
38,57,0.20189646,0.22946362,0.15468809,0.074231304
39,57,0.23682265,0.25190836,0.16021045,0.075294286
40,57,0.27290943,0.27369526,0.16528445,0.07625009
41,57,0.30896857,0.29429856,0.1698558,0.07709497
42,57,0.34364557,0.3131883,0.1738746,0.07782559
43,57,0.3754982,0.3298524,0.17729612,0.07843903
44,57,0.40309313,0.34381965,0.18008173,0.07893279
45,57,0.42511228,0.35468173,0.18219961,0.0793049
46,57,0.44045588,0.3621131,0.18362536,0.07955382
47,57,0.44833416,0.3658869,0.18434241,0.079678535
48,57,0.44833416,0.3658869,0.18434241,0.079678535
49,57,0.44045594,0.3621131,0.18362536,0.07955381
50,57,0.42511222,0.35468173,0.18219961,0.0793049
51,57,0.40309313,0.34381965,0.18008173,0.07893279
52,57,0.3754982,0.3298524,0.17729613,0.07843902
53,57,0.3436455,0.3131883,0.17387462,0.07782559
54,57,0.30896857,0.29429856,0.16985583,0.07709497
55,57,0.27290943,0.27369526,0.16528445,0.0762501
56,57,0.23682272,0.25190833,0.16021048,0.07529429
57,57,0.20189637,0.22946359,0.15468812,0.0742313
58,57,0.16909648,0.20686193,0.14877509,0.07306523
59,57,0.13913657,0.18456209,0.14253141,0.0718005
60,57,0.11247307,0.16296677,0.13601851,0.07044184
61,57,0.0893215,0.14241305,0.12929818,0.068994224
62,57,0.069689035,0.12316696,0.12243163,0.06746282
63,57,0.053416274,0.10542213,0.115478605,0.06585299
64,57,0.040223762,0.089302145,0.10849656,0.06417023
65,57,0.029757256,0.07486586,0.10153988,0.062420074
66,57,0.021627381,0.06211506,0.094659284,0.060608156
67,57,0.015442425,0.051003557,0.08790129,0.058740065
68,57,0.01083245,0.04144705,0.08130776,0.05682136
69,57,0.0074651656,0.0333331,0.07491566,0.054857522
70,57,0.005054205,0.026530523,0.06875682,0.052853893
71,57,0.0033617618,0.020897914,0.06285786,0.050815664
72,57,0.0021967492,0.016290944,0.05724024,0.048747834
73,57,0.0014102481,0.01256825,0.051920336,0.04665516
74,57,0.00088942895,0.00959594,0.04690966,0.044542156
75,57,0.00055109523,0.007250756,0.042215105,0.042413052
76,57,0.0003354623,0.0054220194,0.037839286,0.04027177
77,57,0.00020061403,0.004012543,0.03378087,0.038121905
78,57,0.00011786351,0.002938718,0.030035006,0.035966717
79,57,6.802947e-05,0.0021299752,0.026593713,0.033809114
80,57,3.8575938e-05,0.001527806,0.023446297,0.031651646
81,57,2.149004e-05,0.0010845199,0.02057977,0.029496504
82,57,1.1761362e-05,0.00076186995,0.017979234,0.027345506
83,57,6.3237867e-06,0.0005296585,0.015628265,0.025200125
84,57,3.3404037e-06,0.00036440082,0.013509246,0.023061482
85,57,1.7334911e-06,0.00024809845,0.011603673,0.020930348
86,57,8.837778e-07,0.00016715286,0.009892431,0.018807184
87,57,4.426563e-07,0.00011143136,0.008356014,0.016692134
88,57,2.1781669e-07,7.348468e-05,0.0069747134,0.014585062
89,57,1.05297026e-07,4.7906404e-05,0.0057287603,0.012485575
90,57,5.0008e-08,3.081919e-05,0.004598432,0.010393039
91,57,2.3332744e-08,1.9469893e-05,0.0035641186,0.008306622
92,57,1.0695292e-08,1.1914912e-05,0.00260636,0.0062253093
93,57,4.816371e-09,6.777643e-06,0.0017058493,0.0041479524
94,57,2.1308164e-09,3.0610659e-06,0.0008434183,0.0020732929
95,57,0.0,0.0,0.0,0.0
0,58,0.0,0.0,0.0,0.0
1,58,1.784651e-09,2.754536e-06,0.0008110539,0.0020407136
2,58,4.033896e-09,6.099171e-06,0.001640393,0.0040827724
3,58,8.957753e-09,1.07227725e-05,0.002506355,0.0061274865
4,58,1.9542146e-08,1.7523013e-05,0.003427375,0.008176093
5,58,4.1883865e-08,2.7739454e-05,0.004422021,0.010229727
6,58,8.819048e-08,4.312237e-05,0.0055090105,0.012289382
7,58,1.8243055e-07,6.6151275e-05,0.0067072012,0.014355879
8,58,3.7074275e-07,0.00010031845,0.008035564,0.016429843
9,58,7.402014e-07,0.00015049375,0.009513112,0.01851166
10,58,1.4518696e-06,0.00022338775,0.011158801,0.020601468
11,58,2.7977273e-06,0.0003281289,0.012991391,0.022699118
12,58,5.296435e-06,0.00047696897,0.01502927,0.024804164
13,58,9.8506025e-06,0.0006861251,0.017290233,0.026915839
14,58,1.799877e-05,0.000976759,0.019791225,0.029033042
15,58,3.2308955e-05,0.0013760834,0.022548048,0.03115433
16,58,5.697757e-05,0.0019185668,0.02557503,0.033277906
17,58,9.871551e-05,0.0026471913,0.028884666,0.035401613
18,58,0.00016802245,0.0036146918,0.032487236,0.037522946
19,58,0.0002809634,0.00488468,0.036390428,0.039639045
20,58,0.00046156565,0.0065325224,0.040598907,0.041746695
21,58,0.00074493344,0.008645835,0.045113955,0.043842353
22,58,0.0011811404,0.011324402,0.049933057,0.045922168
23,58,0.0018398681,0.014679354,0.055049594,0.04798197
24,58,0.0028156103,0.018831415,0.06045249,0.050017323
25,58,0.0042331032,0.023908062,0.066126,0.05202354
26,58,0.0062523843,0.03003946,0.07204948,0.053995706
27,58,0.009072633,0.037353132,0.07819733,0.0559287
28,58,0.01293365,0.045967404,0.08453894,0.057817277
29,58,0.018113816,0.055983726,0.091038756,0.059656024
30,58,0.024922919,0.067478165,0.09765651,0.06143949
31,58,0.03368907,0.08049244,0.10434747,0.063162155
32,58,0.044738315,0.09502501,0.11106284,0.0648185
33,58,0.05836743,0.11102289,0.11775031,0.06640304
34,58,0.07481046,0.12837468,0.12435463,0.067910396
35,58,0.09420075,0.14690585,0.13081834,0.069335274
36,58,0.116532564,0.16637659,0.13708255,0.0706726
37,58,0.14162524,0.18648301,0.14308782,0.071917474
38,58,0.16909656,0.20686194,0.14877507,0.07306523
39,58,0.1983487,0.22709975,0.15408657,0.07411152
40,58,0.22857283,0.24674466,0.15896687,0.07505232
41,58,0.2587738,0.26532266,0.16336372,0.07588394
42,58,0.28781727,0.28235567,0.16722909,0.076603085
43,58,0.31449515,0.29738203,0.17052,0.07720688
44,58,0.337607,0.30997664,0.17319928,0.077692896
45,58,0.35604894,0.31977135,0.17523631,0.07805916
46,58,0.36889985,0.32647243,0.17660762,0.07830417
47,58,0.37549824,0.32987544,0.1772973,0.07842693
48,58,0.37549824,0.32987544,0.1772973,0.07842693
49,58,0.3688999,0.32647243,0.17660762,0.07830417
50,58,0.3560489,0.31977135,0.17523631,0.07805915
51,58,0.337607,0.30997664,0.17319928,0.077692896
52,58,0.31449515,0.29738203,0.17052,0.07720688
53,58,0.28781718,0.28235567,0.16722909,0.076603085
54,58,0.2587738,0.26532266,0.16336372,0.07588394
55,58,0.22857283,0.24674466,0.15896687,0.07505232
56,58,0.19834875,0.22709973,0.15408659,0.07411152
57,58,0.16909648,0.20686193,0.14877509,0.07306523
58,58,0.14162524,0.18648301,0.1430878,0.071917474
59,58,0.116532564,0.1663766,0.13708255,0.0706726
60,58,0.09420082,0.14690587,0.13081834,0.069335274
61,58,0.07481041,0.12837468,0.12435463,0.06791039
62,58,0.05836743,0.11102288,0.11775031,0.06640304
63,58,0.044738315,0.09502501,0.11106285,0.064818494
64,58,0.033689044,0.08049244,0.10434747,0.06316215
65,58,0.024922919,0.067478165,0.09765652,0.061439488
66,58,0.018113816,0.05598373,0.09103877,0.05965602
67,58,0.012933663,0.045967408,0.08453895,0.05781727
68,58,0.00907262,0.03735314,0.07819734,0.0559287
69,58,0.0062523843,0.030039465,0.07204949,0.053995706
70,58,0.0042331032,0.023908066,0.06612601,0.05202354
71,58,0.0028156142,0.018831419,0.060452506,0.050017327
72,58,0.0018398681,0.014679356,0.05504961,0.047981974
73,58,0.0011811404,0.011324404,0.049933076,0.04592217
74,58,0.00074493344,0.008645837,0.04511397,0.043842357
75,58,0.00046156478,0.006532524,0.04059892,0.0417467
76,58,0.0002809634,0.0048846807,0.03639044,0.03963905
77,58,0.00016802245,0.0036146927,0.032487247,0.037522953
78,58,9.871551e-05,0.0026471918,0.028884675,0.03540162
79,58,5.697746e-05,0.0019185671,0.02557504,0.033277914
80,58,3.2308955e-05,0.0013760837,0.022548059,0.03115434
81,58,1.799877e-05,0.0009767592,0.019791236,0.02903305
82,58,9.850622e-06,0.00068612525,0.017290242,0.026915846
83,58,5.296435e-06,0.0004769691,0.015029278,0.024804171
84,58,2.7977273e-06,0.00032812898,0.012991397,0.022699127
85,58,1.4518696e-06,0.0002233878,0.011158805,0.020601477
86,58,7.4020073e-07,0.0001504938,0.009513116,0.01851167
87,58,3.7074275e-07,0.00010031847,0.0080355685,0.01642985
88,58,1.8243055e-07,6.61513e-05,0.0067072054,0.014355888
89,58,8.819065e-08,4.312238e-05,0.0055090133,0.012289388
90,58,4.1883784e-08,2.7739461e-05,0.004422024,0.010229733
91,58,1.9542146e-08,1.7523018e-05,0.0034273772,0.008176099
92,58,8.957753e-09,1.0722775e-05,0.0025063567,0.0061274897
93,58,4.0339114e-09,6.099173e-06,0.0016403941,0.0040827747
94,58,1.7846475e-09,2.7545366e-06,0.0008110544,0.0020407147
95,58,0.0,0.0,0.0,0.0
0,59,0.0,0.0,0.0,0.0
1,59,1.4684507e-09,2.4526773e-06,0.00077688566,0.0020053792
2,59,3.3191863e-09,5.4310117e-06,0.0015712887,0.004012081
3,59,7.370639e-09,9.548685e-06,0.0024007761,0.0060213916
4,59,1.6079715e-08,1.5605481e-05,0.0032830096,0.008034528
5,59,3.4463046e-08,2.4705909e-05,0.004235777,0.0100526055
6,59,7.25651e-08,3.840972e-05,0.005277009,0.012076599
7,59,1.5010808e-07,5.8926733e-05,0.006424775,0.014107319
8,59,3.0505572e-07,8.9369656e-05,0.007697246,0.016145373
9,59,6.0905484e-07,0.00013407946,0.009112639,0.01819115
10,59,1.194632e-06,0.00019903835,0.010689115,0.020244775
11,59,2.3020327e-06,0.00029238474,0.01244465,0.02230611
12,59,4.3580253e-06,0.00042504244,0.014396857,0.024374714
13,59,8.105296e-06,0.00061147194,0.01656279,0.026449831
14,59,1.4809819e-05,0.00087054423,0.018958678,0.028530383
15,59,2.6584532e-05,0.0012265281,0.02159967,0.03061495
16,59,4.6882462e-05,0.0017101652,0.024499487,0.032701768
17,59,8.122548e-05,0.0023597935,0.027670108,0.034788713
18,59,0.0001382529,0.0032224532,0.03112138,0.036873326
19,59,0.00023118341,0.00435489,0.03486067,0.038952794
20,59,0.0003797871,0.0058243424,0.03889246,0.041023962
21,59,0.0006129488,0.00770898,0.043217964,0.04308335
22,59,0.0009718706,0.010097835,0.047834788,0.045127165
23,59,0.0015138868,0.013090077,0.052736584,0.04715132
24,59,0.0023167494,0.016793437,0.05791275,0.04915145
25,59,0.0034830987,0.021321679,0.0633482,0.051122945
26,59,0.0051446063,0.026790984,0.06902315,0.053060975
27,59,0.0074651726,0.033315185,0.07491309,0.05496052
28,59,0.010642112,0.040999915,0.08098868,0.056816407
29,59,0.014904475,0.04993576,0.087215886,0.05862334
30,59,0.020507164,0.060190663,0.09355609,0.06037594
31,59,0.027720151,0.071801916,0.099966444,0.06206879
32,59,0.03681174,0.084768236,0.10640022,0.06369647
33,59,0.048026096,0.09904237,0.11280729,0.0652536
34,59,0.061555795,0.11452501,0.1191347,0.066734865
35,59,0.077510595,0.13106045,0.12532741,0.068135105
36,59,0.09588574,0.14843471,0.131329,0.06944928
37,59,0.116532564,0.16637659,0.13708255,0.0706726
38,59,0.13913663,0.18456207,0.14253141,0.0718005
39,59,0.16320595,0.20262197,0.14762028,0.0728287
40,59,0.1880751,0.22015308,0.152296,0.073753215
41,59,0.21292518,0.2367323,0.15650858,0.07457044
42,59,0.23682281,0.251933,0.16021194,0.07527714
43,59,0.25877398,0.26534304,0.16336492,0.07587049
44,59,0.27779102,0.27658305,0.16593191,0.0763481
45,59,0.29296544,0.28532434,0.16788356,0.076708026
46,59,0.30353948,0.29130474,0.16919741,0.0769488
47,59,0.30896878,0.29434177,0.16985819,0.077069424
48,59,0.30896878,0.29434177,0.16985819,0.077069424
49,59,0.30353948,0.29130474,0.16919741,0.0769488
50,59,0.29296538,0.28532434,0.16788356,0.076708026
51,59,0.27779102,0.27658305,0.16593191,0.0763481
52,59,0.25877398,0.26534307,0.1633649,0.07587049
53,59,0.23682272,0.25193304,0.16021194,0.075277135
54,59,0.21292518,0.23673232,0.15650856,0.07457043
55,59,0.1880751,0.22015308,0.152296,0.07375321
56,59,0.16320601,0.20262197,0.14762029,0.07282869
57,59,0.13913657,0.18456207,0.14253141,0.0718005
58,59,0.116532564,0.1663766,0.13708255,0.0706726
59,59,0.09588574,0.14843473,0.13132901,0.069449276
60,59,0.077510655,0.13106045,0.12532741,0.06813509
61,59,0.061555766,0.11452501,0.1191347,0.06673486
62,59,0.048026096,0.09904238,0.11280728,0.065253586
63,59,0.03681174,0.08476824,0.10640023,0.06369646
64,59,0.027720138,0.07180192,0.09996645,0.062068786
65,59,0.020507164,0.060190666,0.0935561,0.060375936
66,59,0.014904475,0.04993576,0.08721589,0.058623336
67,59,0.0106421225,0.04099992,0.0809887,0.056816403
68,59,0.0074651656,0.03331519,0.07491311,0.05496052
69,59,0.0051446063,0.026790988,0.06902317,0.053060975
70,59,0.0034830987,0.021321684,0.06334821,0.051122945
71,59,0.0023167527,0.016793437,0.057912763,0.04915145
72,59,0.0015138868,0.013090079,0.0527366,0.047151323
73,59,0.0009718706,0.010097837,0.047834806,0.04512717
74,59,0.0006129488,0.007708981,0.04321798,0.043083355
75,59,0.00037978654,0.0058243433,0.03889247,0.041023966
76,59,0.00023118341,0.004354891,0.034860685,0.038952798
77,59,0.0001382529,0.0032224539,0.031121392,0.03687333
78,59,8.122548e-05,0.002359794,0.027670117,0.03478872
79,59,4.688242e-05,0.0017101655,0.024499496,0.032701775
80,59,2.6584532e-05,0.0012265282,0.02159968,0.030614957
81,59,1.4809819e-05,0.00087054446,0.018958688,0.028530391
82,59,8.1053195e-06,0.0006114721,0.016562797,0.02644984
83,59,4.3580253e-06,0.00042504256,0.014396865,0.024374722
84,59,2.3020327e-06,0.0002923848,0.012444656,0.02230612
85,59,1.194632e-06,0.00019903839,0.010689121,0.020244785
86,59,6.090537e-07,0.0001340795,0.009112644,0.018191157
87,59,3.0505572e-07,8.936968e-05,0.00769725,0.016145382
88,59,1.5010808e-07,5.8926747e-05,0.006424778,0.014107326
89,59,7.2565236e-08,3.840973e-05,0.005277012,0.012076605
90,59,3.4462914e-08,2.4705916e-05,0.0042357794,0.01005261
91,59,1.6079715e-08,1.5605485e-05,0.0032830115,0.008034533
92,59,7.370639e-09,9.548687e-06,0.0024007778,0.006021395
93,59,3.3191925e-09,5.431013e-06,0.0015712897,0.004012083
94,59,1.4684479e-09,2.452678e-06,0.0007768861,0.0020053806
95,59,0.0,0.0,0.0,0.0
0,60,0.0,0.0,0.0,0.0
1,60,1.1870461e-09,2.1609667e-06,0.00074125035,0.001967421
2,60,2.6831133e-09,4.785286e-06,0.0014992169,0.0039361394
3,60,5.958165e-09,8.413946e-06,0.0022906638,0.0059074177
4,60,1.2998275e-08,1.3752071e-05,0.003132444,0.00788245
5,60,2.785866e-08,2.1773565e-05,0.0040415335,0.00986233
6,60,5.8659072e-08,3.3853892e-05,0.0050350428,0.011848015
7,60,1.2134197e-07,5.1942e-05,0.0061302143,0.013840298
8,60,2.465963e-07,7.878341e-05,0.0073443917,0.01583978
9,60,4.923385e-07,0.00011820736,0.008694957,0.017846836
10,60,9.656984e-07,0.00017549135,0.010199244,0.019861596
11,60,1.8608821e-06,0.00025781576,0.011874407,0.021883914
12,60,3.522874e-06,0.0003748193,0.013737255,0.02391337
13,60,6.5520358e-06,0.00053926226,0.015804065,0.025949216
14,60,1.1971736e-05,0.00076779857,0.018090328,0.027990393
15,60,2.149e-05,0.0010818471,0.020610496,0.030035513
16,60,3.789813e-05,0.0015085422,0.023377676,0.032082837
17,60,6.565982e-05,0.0020817253,0.026403287,0.034130294
18,60,0.000111758774,0.0028429232,0.029696746,0.036175463
19,60,0.00018688053,0.0038422337,0.033265077,0.038215578
20,60,0.00030700635,0.0051390235,0.03711255,0.040247556
21,60,0.0004954862,0.0068023154,0.041240346,0.04226798
22,60,0.000785626,0.008910732,0.04564617,0.044273123
23,60,0.0012237722,0.01155185,0.050323967,0.04625898
24,60,0.0018727785,0.014820817,0.055263624,0.048221264
25,60,0.0028156142,0.018818123,0.06045074,0.050155457
26,60,0.0041587166,0.023646392,0.065866455,0.052056823
27,60,0.006034583,0.029406194,0.07148736,0.05392043
28,60,0.008602709,0.036190864,0.07728546,0.05574121
29,60,0.012048253,0.04408045,0.08322827,0.057513956
30,60,0.016577268,0.053135034,0.08927895,0.059233397
31,60,0.022407996,0.06338761,0.0953966,0.06089422
32,60,0.029757306,0.0748371,0.101536624,0.06249111
33,60,0.038822588,0.08744187,0.10765119,0.06401878
34,60,0.049759537,0.10111424,0.11368974,0.06547203
35,60,0.06265682,0.11571675,0.119599774,0.066845775
36,60,0.077510655,0.13106045,0.12532741,0.068135105
37,60,0.09420082,0.14690585,0.13081834,0.069335274
38,60,0.11247313,0.16296676,0.13601851,0.07044184
39,60,0.1319299,0.1789171,0.14087513,0.07145059
40,60,0.15203327,0.1944007,0.14533748,0.07235762
41,60,0.1721212,0.20904385,0.1493578,0.07315938
42,60,0.1914392,0.22246963,0.15289216,0.07385272
43,60,0.20918374,0.234314,0.15590125,0.07443485
44,60,0.22455643,0.24424177,0.1583511,0.07490341
45,60,0.2368229,0.2519626,0.16021372,0.07525654
46,60,0.24537057,0.2572449,0.16146761,0.075492755
47,60,0.24975944,0.25992745,0.16209823,0.07561111
48,60,0.24975944,0.25992742,0.16209823,0.07561111
49,60,0.24537057,0.2572449,0.16146761,0.07549275
50,60,0.23682287,0.2519626,0.16021372,0.075256534
51,60,0.22455643,0.24424179,0.1583511,0.07490341
52,60,0.20918374,0.23431401,0.15590124,0.07443484
53,60,0.19143914,0.22246964,0.15289214,0.07385271
54,60,0.1721212,0.20904385,0.14935778,0.073159374
55,60,0.15203327,0.1944007,0.14533746,0.07235761
56,60,0.13192996,0.1789171,0.14087512,0.07145058
57,60,0.11247307,0.16296676,0.13601851,0.07044184
58,60,0.09420082,0.14690587,0.13081834,0.06933528
59,60,0.077510655,0.13106047,0.12532741,0.06813509
60,60,0.062656865,0.115716755,0.119599774,0.066845775
61,60,0.049759503,0.10111425,0.11368974,0.06547202
62,60,0.038822588,0.08744187,0.10765119,0.06401877
63,60,0.029757306,0.07483711,0.10153664,0.062491104
64,60,0.022407979,0.06338762,0.09539661,0.06089422
65,60,0.016577268,0.053135037,0.08927896,0.059233394
66,60,0.012048253,0.044080455,0.08322828,0.057513952
67,60,0.008602712,0.036190864,0.077285476,0.055741206
68,60,0.006034577,0.029406194,0.071487375,0.05392043
69,60,0.0041587166,0.023646394,0.06586647,0.052056823
70,60,0.0028156142,0.018818125,0.060450755,0.05015546
71,60,0.0018727804,0.01482082,0.05526364,0.048221264
72,60,0.0012237722,0.011551851,0.05032398,0.046258982
73,60,0.000785626,0.008910734,0.045646183,0.044273123
74,60,0.0004954862,0.0068023168,0.04124036,0.042267982
75,60,0.00030700577,0.005139025,0.03711256,0.04024756
76,60,0.00018688053,0.0038422346,0.033265088,0.03821558
77,60,0.000111758774,0.0028429236,0.029696757,0.036175467
78,60,6.565982e-05,0.0020817257,0.026403299,0.0341303
79,60,3.789806e-05,0.0015085425,0.023377685,0.032082845
80,60,2.149e-05,0.0010818474,0.020610506,0.03003552
81,60,1.1971736e-05,0.00076779875,0.018090338,0.027990403
82,60,6.5520544e-06,0.0005392624,0.015804071,0.025949225
83,60,3.522874e-06,0.00037481938,0.013737262,0.023913378
84,60,1.8608821e-06,0.00025781585,0.011874412,0.021883925
85,60,9.656984e-07,0.00017549141,0.01019925,0.019861601
86,60,4.9233756e-07,0.00011820739,0.008694963,0.017846843
87,60,2.465963e-07,7.878343e-05,0.007344396,0.015839787
88,60,1.2134197e-07,5.1942014e-05,0.006130218,0.013840306
89,60,5.8659182e-08,3.38539e-05,0.0050350456,0.01184802
90,60,2.7858606e-08,2.1773569e-05,0.004041536,0.0098623345
91,60,1.2998275e-08,1.3752074e-05,0.003132446,0.007882454
92,60,5.958165e-09,8.413948e-06,0.0022906652,0.005907421
93,60,2.6831184e-09,4.7852877e-06,0.0014992178,0.0039361417
94,60,1.1870439e-09,2.1609671e-06,0.0007412508,0.0019674222
95,60,0.0,0.0,0.0,0.0
0,61,0.0,0.0,0.0,0.0
1,61,9.427025e-10,1.8839562e-06,0.0007044871,0.0019269779
2,61,2.1308204e-09,4.172073e-06,0.0014248639,0.0038552263
3,61,4.731735e-09,7.3362658e-06,0.0021770652,0.0057859826
4,61,1.0322707e-08,1.199171e-05,0.0029771118,0.0077204155
5,61,2.2124226e-08,1.8988183e-05,0.003841139,0.009659598
6,61,4.6584585e-08,2.9525994e-05,0.004785413,0.011604465
7,61,9.6364815e-08,4.53061e-05,0.0058263233,0.013555797
8,61,1.9583668e-07,6.872493e-05,0.006980357,0.015514178
9,61,3.9099504e-07,0.0001031252,0.008264039,0.017479979
10,61,7.6691805e-07,0.00015311434,0.009693844,0.019453324
11,61,1.4778377e-06,0.00022496156,0.011286083,0.021434082
12,61,2.7977248e-06,0.0003270834,0.0130567355,0.023421822
13,61,5.203363e-06,0.00047062323,0.015021272,0.025415827
14,61,9.507452e-06,0.00067012577,0.017194426,0.027415054
15,61,1.7066492e-05,0.0009442989,0.019589933,0.029418137
16,61,3.009714e-05,0.001316845,0.022220252,0.03142339
17,61,5.2144285e-05,0.0018173272,0.02509625,0.033428766
18,61,8.875415e-05,0.002482026,0.028226871,0.035431903
19,61,0.00014841271,0.0033547133,0.031618796,0.037430096
20,61,0.00024381185,0.004487264,0.035276096,0.039420318
21,61,0.00039349464,0.0059399963,0.03919988,0.04139922
22,61,0.0006239113,0.007781621,0.04338799,0.04336316
23,61,0.0009718697,0.010088682,0.047834657,0.04530821
24,61,0.001487284,0.012944352,0.05253027,0.047230177
25,61,0.0022360433,0.01643647,0.057461143,0.04912463
26,61,0.0033026838,0.020654766,0.06260935,0.050986927
27,61,0.004792418,0.02568717,0.06795265,0.052812245
28,61,0.006831915,0.031615306,0.07346442,0.054595612
29,61,0.009568224,0.038509194,0.079113774,0.056331933
30,61,0.013164987,0.046421405,0.0848657,0.05801605
31,61,0.01779551,0.05538084,0.090681314,0.05964275
32,61,0.023632025,0.06538663,0.09651822,0.06120683
33,61,0.030831305,0.07640243,0.10233093,0.06270312
34,61,0.039516974,0.08835167,0.10807143,0.06412651
35,61,0.049759466,0.10111424,0.11368974,0.06547203
36,61,0.061555766,0.11452502,0.1191347,0.066734865
37,61,0.07481041,0.12837468,0.12435463,0.067910396
38,61,0.089321524,0.14241305,0.12929818,0.068994224
39,61,0.10477331,0.1563551,0.13391514,0.069982246
40,61,0.12073857,0.16988946,0.13815728,0.07087064
41,61,0.13669159,0.1826894,0.14197922,0.07165594
42,61,0.15203312,0.19442542,0.14533919,0.07233503
43,61,0.1661251,0.20477916,0.14819981,0.07290519
44,61,0.17833346,0.21345763,0.15052879,0.07336414
45,61,0.188075,0.22020693,0.1522995,0.07371
46,61,0.19486322,0.22482458,0.15349153,0.07394137
47,61,0.19834864,0.22716959,0.15409103,0.07405729
48,61,0.19834864,0.22716959,0.15409103,0.07405729
49,61,0.19486322,0.22482458,0.15349153,0.07394137
50,61,0.18807496,0.22020693,0.1522995,0.07371
51,61,0.17833346,0.21345764,0.15052879,0.07336414
52,61,0.1661251,0.20477916,0.1481998,0.0729052
53,61,0.15203309,0.19442542,0.14533918,0.07233502
54,61,0.13669159,0.1826894,0.1419792,0.07165593
55,61,0.12073857,0.16988946,0.13815728,0.07087063
56,61,0.104773365,0.1563551,0.13391514,0.06998224
57,61,0.0893215,0.14241306,0.12929818,0.06899422
58,61,0.07481041,0.1283747,0.12435463,0.06791039
59,61,0.061555766,0.11452503,0.1191347,0.06673486
60,61,0.049759503,0.10111424,0.11368974,0.06547202
61,61,0.039516944,0.08835168,0.108071424,0.0641265
62,61,0.030831305,0.07640244,0.10233094,0.06270311
63,61,0.023632025,0.06538664,0.09651822,0.06120683
64,61,0.017795494,0.055380847,0.09068132,0.05964275
65,61,0.013164987,0.04642141,0.084865704,0.058016047
66,61,0.009568224,0.0385092,0.07911378,0.05633193
67,61,0.006831925,0.03161531,0.07346443,0.05459561
68,61,0.0047924113,0.025687171,0.06795267,0.05281224
69,61,0.0033026838,0.020654768,0.062609375,0.050986923
70,61,0.0022360433,0.016436473,0.05746116,0.04912463
71,61,0.0014872861,0.012944353,0.052530285,0.047230177
72,61,0.0009718697,0.010088683,0.047834672,0.045308214
73,61,0.0006239113,0.0077816225,0.043388005,0.04336317
74,61,0.00039349464,0.0059399973,0.039199896,0.041399222
75,61,0.00024381139,0.0044872654,0.035276107,0.03942032
76,61,0.00014841271,0.0033547143,0.031618804,0.0374301
77,61,8.875415e-05,0.0024820266,0.02822688,0.035431907
78,61,5.2144285e-05,0.0018173278,0.02509626,0.03342877
79,61,3.0097113e-05,0.0013168453,0.022220261,0.031423397
80,61,1.7066492e-05,0.00094429916,0.019589942,0.029418146
81,61,9.507452e-06,0.0006701259,0.017194433,0.027415061
82,61,5.203373e-06,0.00047062334,0.01502128,0.025415834
83,61,2.7977248e-06,0.0003270835,0.013056742,0.02342183
84,61,1.4778377e-06,0.00022496164,0.011286088,0.021434087
85,61,7.6691805e-07,0.00015311436,0.00969385,0.019453332
86,61,3.9099467e-07,0.000103125225,0.008264043,0.017479986
87,61,1.9583668e-07,6.872495e-05,0.006980361,0.015514185
88,61,9.6364815e-08,4.5306115e-05,0.0058263266,0.013555803
89,61,4.6584763e-08,2.9526002e-05,0.0047854157,0.011604471
90,61,2.2124183e-08,1.8988187e-05,0.0038411412,0.009659602
91,61,1.0322707e-08,1.1991713e-05,0.0029771137,0.00772042
92,61,4.731735e-09,7.336268e-06,0.0021770669,0.0057859854
93,61,2.1308246e-09,4.1720737e-06,0.0014248649,0.0038552284
94,61,9.427007e-10,1.8839567e-06,0.00070448755,0.0019269789
95,61,0.0,0.0,0.0,0.0
0,62,0.0,0.0,0.0,0.0
1,62,7.355019e-10,1.6252051e-06,0.00066693174,0.0018841944
2,62,1.6624753e-09,3.599251e-06,0.0013489085,0.0037696315
3,62,3.6917198e-09,6.3294956e-06,0.0020610187,0.0056575206
4,62,8.05382e-09,1.0347031e-05,0.002818431,0.007549006
5,62,1.7261415e-08,1.638559e-05,0.0036364244,0.009445134
6,62,3.6345494e-08,2.5481702e-05,0.0045303996,0.011346823
7,62,7.5184246e-08,3.9104423e-05,0.005515877,0.013254832
8,62,1.5279261e-07,5.932371e-05,0.006608467,0.015169736
9,62,3.05056e-07,8.902718e-05,0.007823818,0.017091896
10,62,5.9835276e-07,0.00013219543,0.009177532,0.019021433
11,62,1.1530153e-06,0.0001942454,0.01068505,0.020958217
12,62,2.1827948e-06,0.00028245003,0.012361509,0.022901833
13,62,4.0596824e-06,0.00040643953,0.014221557,0.02485157
14,62,7.4177624e-06,0.000578785,0.016279148,0.026806418
15,62,1.3315351e-05,0.00081565743,0.018547287,0.02876504
16,62,2.348192e-05,0.0011375464,0.021037778,0.030725779
17,62,4.0683273e-05,0.0015700107,0.023760911,0.032686643
18,62,6.924644e-05,0.0021444194,0.026725158,0.03464532
19,62,0.00011579234,0.002898622,0.029936848,0.036599163
20,62,0.00019022306,0.0038774794,0.03339984,0.038545206
21,62,0.00030700635,0.005133157,0.037115186,0.04048019
22,62,0.00048677853,0.006725086,0.04108084,0.042400543
23,62,0.00075825694,0.008719478,0.04529134,0.044302426
24,62,0.0011603859,0.011188284,0.04973761,0.04618174
25,62,0.0017445714,0.014207503,0.05440667,0.048034146
26,62,0.0025767693,0.017854773,0.059281554,0.049855113
27,62,0.0037390653,0.022206191,0.06434119,0.051639922
28,62,0.005330292,0.027332403,0.069560386,0.053383715
29,62,0.0074651726,0.03329403,0.07490989,0.055081505
30,62,0.01027138,0.040136594,0.080356546,0.05672825
31,62,0.01388414,0.047885172,0.085863546,0.058318857
32,62,0.018437818,0.05653906,0.091390714,0.05984823
33,62,0.024054723,0.066066876,0.09689501,0.06131131
34,62,0.03083132,0.07640243,0.10233093,0.06270312
35,62,0.03882257,0.08744187,0.10765119,0.06401878
36,62,0.048026096,0.099042386,0.11280728,0.0652536
37,62,0.05836743,0.11102288,0.11775031,0.06640304
38,62,0.06968905,0.12316697,0.12243163,0.067462824
39,62,0.08174461,0.13522802,0.12680368,0.068428926
40,62,0.094200775,0.14693666,0.13082083,0.069297604
41,62,0.10664739,0.15801014,0.13444006,0.070065476
42,62,0.11861694,0.16816339,0.13762183,0.070729494
43,62,0.12961155,0.17712091,0.14033073,0.07128701
44,62,0.13913658,0.18462916,0.1425362,0.07173578
45,62,0.14673698,0.19046842,0.14421299,0.07207397
46,62,0.15203318,0.19446346,0.1453418,0.0723002
47,62,0.15475252,0.1964923,0.14590952,0.07241355
48,62,0.15475252,0.1964923,0.14590952,0.07241355
49,62,0.15203318,0.19446346,0.1453418,0.0723002
50,62,0.14673696,0.19046842,0.14421299,0.072073966
51,62,0.13913658,0.18462916,0.1425362,0.071735784
52,62,0.12961155,0.17712091,0.14033072,0.07128701
53,62,0.11861691,0.16816339,0.13762182,0.070729494
54,62,0.10664739,0.15801014,0.13444005,0.07006547
55,62,0.094200775,0.14693666,0.13082084,0.0692976
56,62,0.08174463,0.13522804,0.12680368,0.06842892
57,62,0.069689035,0.12316698,0.122431636,0.067462824
58,62,0.05836743,0.11102289,0.11775032,0.06640303
59,62,0.048026096,0.099042386,0.11280729,0.065253586
60,62,0.038822588,0.08744188,0.10765119,0.06401877
61,62,0.030831305,0.07640244,0.10233094,0.06270311
62,62,0.024054723,0.066066876,0.09689502,0.061311305
63,62,0.018437818,0.056539062,0.09139073,0.059848223
64,62,0.013884127,0.047885176,0.085863546,0.058318857
65,62,0.01027138,0.040136598,0.08035655,0.056728248
66,62,0.0074651726,0.033294033,0.074909896,0.0550815
67,62,0.005330297,0.027332405,0.06956039,0.05338371
68,62,0.0037390618,0.022206193,0.06434121,0.05163992
69,62,0.0025767693,0.017854774,0.05928157,0.049855113
70,62,0.0017445714,0.014207504,0.054406684,0.048034146
71,62,0.001160387,0.0111882845,0.04973762,0.046181735
72,62,0.00075825694,0.008719479,0.045291364,0.04430243
73,62,0.00048677853,0.006725087,0.041080855,0.04240055
74,62,0.00030700635,0.005133158,0.037115198,0.040480196
75,62,0.0001902227,0.0038774803,0.03339985,0.03854521
76,62,0.00011579234,0.002898623,0.02993686,0.036599163
77,62,6.924644e-05,0.0021444198,0.026725167,0.034645323
78,62,4.0683273e-05,0.0015700111,0.02376092,0.03268665
79,62,2.3481896e-05,0.0011375466,0.021037787,0.030725785
80,62,1.3315351e-05,0.00081565767,0.018547297,0.028765047
81,62,7.4177624e-06,0.0005787852,0.016279155,0.026806425
82,62,4.0596938e-06,0.00040643962,0.014221564,0.024851577
83,62,2.1827948e-06,0.00028245008,0.012361514,0.022901839
84,62,1.1530153e-06,0.00019424544,0.010685055,0.020958222
85,62,5.9835276e-07,0.00013219548,0.009177536,0.01902144
86,62,3.0505572e-07,8.9027206e-05,0.007823822,0.017091902
87,62,1.5279261e-07,5.932372e-05,0.006608471,0.0151697425
88,62,7.5184246e-08,3.9104434e-05,0.0055158804,0.013254838
89,62,3.6345632e-08,2.5481708e-05,0.0045304024,0.011346828
90,62,1.7261383e-08,1.6385593e-05,0.0036364265,0.009445138
91,62,8.05382e-09,1.0347034e-05,0.0028184329,0.00754901
92,62,3.6917198e-09,6.329497e-06,0.0020610201,0.005657524
93,62,1.6624785e-09,3.5992516e-06,0.0013489095,0.0037696338
94,62,7.354991e-10,1.6252054e-06,0.0006669322,0.0018841956
95,62,0.0,0.0,0.0,0.0
0,63,0.0,0.0,0.0,0.0
1,63,5.637568e-10,1.3872656e-06,0.0006289119,0.0018392208
2,63,1.2742751e-09,3.0724727e-06,0.0012720139,0.0036796543
3,63,2.8296816e-09,5.403576e-06,0.0019435362,0.0055224816
4,63,6.173206e-09,8.834284e-06,0.0026577865,0.00736882
5,63,1.3230799e-08,1.3991518e-05,0.0034291742,0.00921969
6,63,2.785866e-08,2.1761045e-05,0.0042722267,0.011075989
7,63,5.762839e-08,3.3398406e-05,0.0052015814,0.012938459
8,63,1.1711475e-07,5.0672938e-05,0.006231964,0.014807659
9,63,2.3382385e-07,7.6053184e-05,0.007378133,0.016683942
10,63,4.586343e-07,0.000112942434,0.008654805,0.01856743
11,63,8.837803e-07,0.00016597251,0.010076546,0.020457989
12,63,1.6731026e-06,0.00024136291,0.011657634,0.02235522
13,63,3.1117286e-06,0.00034734997,0.013411888,0.024258425
14,63,5.685671e-06,0.0004946862,0.015352469,0.026166622
15,63,1.0206148e-05,0.0006972046,0.017491648,0.028078504
16,63,1.799877e-05,0.0009724343,0.019840557,0.02999245
17,63,3.118346e-05,0.0013422435,0.022408908,0.031906523
18,63,5.3076983e-05,0.0018334739,0.025204694,0.033818457
19,63,8.8754234e-05,0.002478516,0.028233888,0.03572568
20,63,0.000145805,0.0033157635,0.031500127,0.03762529
21,63,0.00023531879,0.0043898663,0.035004415,0.039514102
22,63,0.00037311323,0.005751698,0.03874481,0.041388635
23,63,0.0005812,0.0074579422,0.042716183,0.043245137
24,63,0.00088942895,0.009570202,0.046909954,0.045079608
25,63,0.001337205,0.012153552,0.051313896,0.046887822
26,63,0.0019750786,0.015274482,0.055912007,0.048665345
27,63,0.002865974,0.018998165,0.06068441,0.050407574
28,63,0.0040856414,0.02338512,0.06560733,0.052109763
29,63,0.0057220166,0.028487293,0.0706532,0.05376705
30,63,0.007872956,0.03434371,0.07579074,0.055374507
31,63,0.010642112,0.040975884,0.08098522,0.056927167
32,63,0.014132485,0.048383273,0.08619875,0.05842005
33,63,0.018437818,0.05653906,0.09139072,0.05984823
34,63,0.023632042,0.06538663,0.09651822,0.061206833
35,63,0.029757291,0.0748371,0.10153664,0.06249111
36,63,0.03681174,0.08476824,0.10640023,0.06369647
37,63,0.044738315,0.09502502,0.11106284,0.0648185
38,63,0.053416286,0.10542214,0.11547861,0.06585301
39,63,0.062656805,0.11574844,0.11960267,0.06679605
40,63,0.07220439,0.12577325,0.12339196,0.067644015
41,63,0.08174463,0.13525449,0.12680592,0.06839356
42,63,0.09091925,0.14394791,0.12980722,0.069041744
43,63,0.09934656,0.15161768,0.1323625,0.06958597
44,63,0.10664743,0.15804659,0.13444288,0.07002402
45,63,0.1124731,0.1630465,0.13602458,0.07035415
46,63,0.11653262,0.1664673,0.13708937,0.070574984
47,63,0.11861697,0.16820452,0.13762489,0.07068563
48,63,0.11861697,0.16820452,0.13762489,0.07068563
49,63,0.11653262,0.1664673,0.13708937,0.070574984
50,63,0.11247307,0.1630465,0.13602458,0.07035414
51,63,0.10664743,0.15804659,0.13444287,0.07002403
52,63,0.09934656,0.15161768,0.13236248,0.069585964
53,63,0.09091923,0.14394791,0.1298072,0.069041744
54,63,0.08174463,0.13525447,0.1268059,0.06839356
55,63,0.07220439,0.12577325,0.123391956,0.06764401
56,63,0.062656835,0.11574844,0.11960267,0.06679605
57,63,0.053416274,0.10542214,0.11547861,0.065853
58,63,0.044738315,0.095025025,0.11106285,0.064818494
59,63,0.03681174,0.08476825,0.10640023,0.06369646
60,63,0.029757306,0.07483712,0.10153663,0.062491104
61,63,0.023632025,0.06538664,0.096518226,0.061206825
62,63,0.018437818,0.056539062,0.09139073,0.059848223
63,63,0.014132485,0.048383277,0.086198755,0.05842005
64,63,0.010642107,0.040975887,0.080985226,0.056927163
65,63,0.007872956,0.034343712,0.075790755,0.055374503
66,63,0.0057220166,0.028487297,0.07065322,0.053767048
67,63,0.004085643,0.023385122,0.06560735,0.052109756
68,63,0.0028659715,0.018998165,0.060684424,0.05040757
69,63,0.0019750786,0.015274483,0.055912025,0.048665345
70,63,0.001337205,0.012153554,0.05131391,0.046887822
71,63,0.0008894302,0.009570203,0.04690997,0.04507961
72,63,0.0005812,0.0074579436,0.042716198,0.04324514
73,63,0.00037311323,0.005751699,0.038744826,0.041388642
74,63,0.00023531879,0.004389867,0.035004426,0.039514106
75,63,0.00014580472,0.0033157645,0.031500135,0.037625294
76,63,8.8754234e-05,0.0024785167,0.028233899,0.035725683
77,63,5.3076983e-05,0.0018334743,0.025204703,0.03381846
78,63,3.118346e-05,0.0013422439,0.022408918,0.031906527
79,63,1.7998753e-05,0.0009724345,0.019840568,0.029992457
80,63,1.0206148e-05,0.0006972048,0.017491655,0.02807851
81,63,5.685671e-06,0.0004946863,0.0153524745,0.026166627
82,63,3.1117345e-06,0.00034735003,0.0134118935,0.024258431
83,63,1.6731026e-06,0.00024136297,0.011657639,0.022355225
84,63,8.837803e-07,0.00016597254,0.010076551,0.020457994
85,63,4.586343e-07,0.00011294246,0.008654809,0.018567435
86,63,2.3382364e-07,7.6053206e-05,0.0073781367,0.016683947
87,63,1.1711475e-07,5.067295e-05,0.0062319674,0.014807665
88,63,5.762839e-08,3.3398414e-05,0.005201584,0.012938465
89,63,2.7858713e-08,2.1761049e-05,0.004272229,0.011075994
90,63,1.3230774e-08,1.3991521e-05,0.0034291763,0.009219695
91,63,6.173206e-09,8.834288e-06,0.0026577879,0.0073688235
92,63,2.8296816e-09,5.4035772e-06,0.0019435375,0.005522485
93,63,1.27428e-09,3.0724734e-06,0.0012720147,0.0036796567
94,63,5.6375465e-10,1.3872659e-06,0.0006289123,0.0018392219
95,63,0.0,0.0,0.0,0.0
0,64,0.0,0.0,0.0,0.0
1,64,4.2452286e-10,1.1717218e-06,0.00059074233,0.0017922097
2,64,9.595627e-10,2.595249e-06,0.0011948161,0.0035856012
3,64,2.1308204e-09,4.564686e-06,0.0018255906,0.005381326
4,64,4.648577e-09,7.4635846e-06,0.0024965075,0.0071804714
5,64,9.96312e-09,1.1822006e-05,0.0032211049,0.008984034
6,64,2.0978263e-08,1.838899e-05,0.0040130313,0.010792888
7,64,4.339561e-08,2.8226412e-05,0.00488604,0.012607753
8,64,8.819031e-08,4.283089e-05,0.005853964,0.01442918
9,64,1.7607518e-07,6.429076e-05,0.0069306726,0.016257508
10,64,3.4536302e-07,9.5485455e-05,0.008129992,0.018092858
11,64,6.6550786e-07,0.00014033433,0.009465609,0.0199351
12,64,1.2598865e-06,0.00020410086,0.010950938,0.021783842
13,64,2.3432067e-06,0.00029375596,0.012598965,0.02363841
14,64,4.2814477e-06,0.00041840135,0.014422057,0.025497839
15,64,7.685475e-06,0.00058974756,0.016431747,0.027360862
16,64,1.3553521e-05,0.00082263566,0.018638493,0.0292259
17,64,2.348192e-05,0.0011355823,0.021051425,0.03109106
18,64,3.9968287e-05,0.0015513179,0.023678051,0.032954138
19,64,6.683408e-05,0.0020972744,0.026523992,0.03481262
20,64,0.00010979467,0.0028059713,0.029592663,0.036663696
21,64,0.00017720072,0.003715231,0.03288501,0.038504247
22,64,0.0002809634,0.004868153,0.036399215,0.04033088
23,64,0.0004376576,0.0063127624,0.040130462,0.04213995
24,64,0.0006697621,0.008101259,0.044070683,0.04392755
25,64,0.0010069481,0.010288793,0.0482084,0.045689564
26,64,0.0014872832,0.012931714,0.052528575,0.04742167
27,64,0.0021581477,0.016085273,0.057012536,0.049119387
28,64,0.0030765864,0.019800778,0.061637953,0.050778087
29,64,0.0043088165,0.024122283,0.06637891,0.052393034
30,64,0.0059285313,0.029082896,0.07120602,0.053959426
31,64,0.008013775,0.0347009,0.07608665,0.055472422
32,64,0.010642107,0.040975884,0.08098522,0.056927167
33,64,0.013884127,0.047885172,0.08586354,0.058318857
34,64,0.017795501,0.055380844,0.09068132,0.05964276
35,64,0.022407964,0.06338762,0.09539661,0.06089423
36,64,0.027720138,0.07180193,0.09996645,0.062068794
37,64,0.033689044,0.080492444,0.104347475,0.063162155
38,64,0.04022377,0.089302145,0.10849656,0.06417023
39,64,0.04718211,0.09805209,0.11237158,0.065089196
40,64,0.054371662,0.10654679,0.11593204,0.065915495
41,64,0.061555706,0.11458103,0.11913984,0.0666459
42,64,0.068464406,0.12194789,0.121959925,0.06727752
43,64,0.07481039,0.12844734,0.124360904,0.06780784
44,64,0.08030813,0.13389538,0.12631567,0.06823471
45,64,0.084695,0.13813248,0.12780187,0.0685564
46,64,0.087751895,0.14103143,0.12880237,0.0687716
47,64,0.08932148,0.14250363,0.12930556,0.06887942
48,64,0.08932148,0.14250363,0.12930556,0.06887942
49,64,0.087751895,0.14103143,0.12880237,0.0687716
50,64,0.084694974,0.13813248,0.12780187,0.0685564
51,64,0.08030813,0.13389538,0.12631567,0.06823471
52,64,0.07481039,0.12844734,0.12436089,0.06780784
53,64,0.068464406,0.121947885,0.12195991,0.06727752
54,64,0.061555706,0.11458103,0.119139835,0.0666459
55,64,0.054371662,0.10654679,0.11593203,0.06591548
56,64,0.04718212,0.09805209,0.11237158,0.06508919
57,64,0.040223762,0.089302145,0.10849657,0.06417022
58,64,0.033689044,0.080492444,0.104347475,0.06316215
59,64,0.027720138,0.07180193,0.09996645,0.062068786
60,64,0.022407979,0.063387625,0.095396616,0.06089422
61,64,0.017795494,0.05538085,0.09068132,0.05964275
62,64,0.013884127,0.04788518,0.085863546,0.058318853
63,64,0.010642107,0.040975887,0.080985226,0.056927163
64,64,0.008013767,0.034700908,0.076086655,0.055472415
65,64,0.0059285313,0.029082898,0.07120603,0.05395942
66,64,0.0043088165,0.024122283,0.06637892,0.05239303
67,64,0.0030765894,0.019800778,0.061637968,0.050778084
68,64,0.0021581457,0.016085273,0.05701255,0.049119383
69,64,0.0014872832,0.012931716,0.05252859,0.04742167
70,64,0.0010069481,0.0102887945,0.04820841,0.045689564
71,64,0.0006697627,0.008101261,0.0440707,0.043927554
72,64,0.0004376576,0.006312764,0.040130477,0.042139955
73,64,0.0002809634,0.004868154,0.03639923,0.040330883
74,64,0.00017720072,0.003715232,0.032885022,0.03850425
75,64,0.00010979457,0.002805972,0.029592672,0.0366637
76,64,6.683408e-05,0.0020972749,0.026524002,0.034812625
77,64,3.9968287e-05,0.0015513182,0.023678062,0.03295414
78,64,2.348192e-05,0.0011355827,0.021051433,0.031091066
79,64,1.3553495e-05,0.00082263583,0.018638501,0.029225906
80,64,7.685475e-06,0.00058974774,0.016431753,0.02736087
81,64,4.2814477e-06,0.00041840147,0.014422063,0.025497846
82,64,2.3432133e-06,0.00029375602,0.01259897,0.023638416
83,64,1.2598865e-06,0.0002041009,0.0109509425,0.021783847
84,64,6.6550786e-07,0.00014033436,0.0094656125,0.019935105
85,64,3.4536302e-07,9.548548e-05,0.008129995,0.018092863
86,64,1.7607483e-07,6.4290776e-05,0.006930676,0.016257513
87,64,8.819031e-08,4.28309e-05,0.005853967,0.014429186
88,64,4.339561e-08,2.8226417e-05,0.0048860423,0.012607758
89,64,2.0978302e-08,1.8388992e-05,0.0040130336,0.010792892
90,64,9.963082e-09,1.182201e-05,0.0032211067,0.008984039
91,64,4.648577e-09,7.463586e-06,0.0024965089,0.007180475
92,64,2.1308204e-09,4.5646875e-06,0.0018255917,0.0053813285
93,64,9.595644e-10,2.59525e-06,0.0011948168,0.0035856033
94,64,4.2452206e-10,1.171722e-06,0.0005907427,0.0017922106
95,64,0.0,0.0,0.0,0.0
0,65,0.0,0.0,0.0,0.0
1,65,3.1405933e-10,9.792697e-07,0.00055272103,0.001743317
2,65,7.09877e-10,2.1691249e-06,0.001117918,0.0034877837
3,65,1.5763645e-09,3.815553e-06,0.0017081023,0.0052345195
4,65,3.438988e-09,6.2394065e-06,0.0023358532,0.0069845845
5,65,7.370639e-09,9.8841765e-06,0.0030138404,0.008738946
6,65,1.5519555e-08,1.5376665e-05,0.0037548365,0.010498453
7,65,3.2103735e-08,2.3605597e-05,0.0045717135,0.012263811
8,65,6.524251e-08,3.5823723e-05,0.0054774177,0.01403555
9,65,1.3025917e-07,5.377933e-05,0.006484928,0.015814006
10,65,2.5549713e-07,7.988332e-05,0.007607186,0.01759929
11,65,4.923385e-07,0.000117417694,0.0088570025,0.01939128
12,65,9.3205523e-07,0.0001707905,0.010246932,0.021189593
13,65,1.7334878e-06,0.00024584064,0.011789129,0.022993574
14,65,3.1673876e-06,0.00035019233,0.0134951705,0.024802288
15,65,5.6856657e-06,0.00049365667,0.01537585,0.026614496
16,65,1.0026799e-05,0.0006886686,0.017440962,0.028428664
17,65,1.7371758e-05,0.0009507447,0.019699046,0.030242953
18,65,2.9568257e-05,0.0012989345,0.022157138,0.032055218
19,65,4.944338e-05,0.0017562305,0.024820495,0.03386302
20,65,8.12254e-05,0.002349892,0.027692322,0.035663605
21,65,0.00013109196,0.0031116272,0.030773504,0.03745396
22,65,0.00020785474,0.004077572,0.034062345,0.039230783
23,65,0.000323776,0.005287997,0.03755433,0.040990513
24,65,0.00049548526,0.006786678,0.04124193,0.04272937
25,65,0.0007449331,0.008619869,0.045114383,0.04444333
26,65,0.0011002816,0.010834841,0.049157627,0.046128206
27,65,0.0015965825,0.013477947,0.053354185,0.047779627
28,65,0.002276037,0.01659224,0.057683166,0.049393095
29,65,0.003187632,0.020214697,0.062120307,0.050964005
30,65,0.0043858853,0.024373127,0.06663811,0.05248769
31,65,0.005928534,0.029082896,0.071206026,0.053959426
32,65,0.007872956,0.034343712,0.07579075,0.055374507
33,65,0.01027138,0.040136598,0.08035655,0.05672825
34,65,0.013164993,0.04642141,0.084865704,0.058016054
35,65,0.016577253,0.053135037,0.08927896,0.059233405
36,65,0.020507164,0.06019067,0.0935561,0.060375944
37,65,0.024922919,0.06747817,0.09765652,0.061439496
38,65,0.02975727,0.07486586,0.10153988,0.062420085
39,65,0.034905,0.082203664,0.10516673,0.06331398
40,65,0.04022378,0.0893276,0.108499184,0.06411776
41,65,0.0455385,0.09606554,0.11150157,0.06482825
42,65,0.050649498,0.1022439,0.11414106,0.06544266
43,65,0.055344213,0.10769491,0.1163883,0.06595851
44,65,0.059411403,0.11226416,0.11821789,0.06637374
45,65,0.062656775,0.11581784,0.11960894,0.06668667
46,65,0.06491825,0.11824922,0.12054537,0.06689599
47,65,0.066079415,0.11948398,0.12101634,0.06700087
48,65,0.066079415,0.11948398,0.12101634,0.06700088
49,65,0.06491825,0.11824922,0.12054537,0.06689599
50,65,0.062656775,0.11581784,0.11960894,0.06668667
51,65,0.059411403,0.11226416,0.118217885,0.06637374
52,65,0.055344213,0.10769491,0.11638829,0.06595851
53,65,0.050649483,0.10224389,0.11414105,0.06544265
54,65,0.0455385,0.09606554,0.11150156,0.06482824
55,65,0.04022378,0.089327596,0.108499184,0.06411775
56,65,0.03490501,0.082203664,0.105166726,0.06331398
57,65,0.029757256,0.07486586,0.10153989,0.062420074
58,65,0.024922919,0.06747817,0.09765652,0.061439488
59,65,0.020507164,0.060190674,0.0935561,0.060375936
60,65,0.016577268,0.05313504,0.08927896,0.059233394
61,65,0.013164987,0.046421412,0.08486571,0.058016047
62,65,0.01027138,0.0401366,0.08035656,0.056728248
63,65,0.007872956,0.034343716,0.075790755,0.055374503
64,65,0.0059285313,0.0290829,0.07120603,0.05395942
65,65,0.0043858853,0.024373127,0.06663812,0.05248769
66,65,0.003187632,0.0202147,0.06212032,0.050964005
67,65,0.0022760392,0.016592242,0.05768318,0.049393095
68,65,0.001596581,0.013477948,0.0533542,0.047779623
69,65,0.0011002816,0.010834843,0.04915764,0.046128202
70,65,0.0007449331,0.008619871,0.045114398,0.04444333
71,65,0.0004954857,0.0067866785,0.04124194,0.04272937
72,65,0.000323776,0.0052879974,0.037554346,0.040990517
73,65,0.00020785474,0.004077573,0.034062356,0.039230783
74,65,0.00013109196,0.003111628,0.030773515,0.037453964
75,65,8.1225175e-05,0.0023498924,0.027692333,0.03566361
76,65,4.944338e-05,0.0017562308,0.024820505,0.033863023
77,65,2.9568257e-05,0.0012989347,0.022157146,0.03205522
78,65,1.7371758e-05,0.0009507449,0.019699052,0.030242959
79,65,1.002679e-05,0.0006886687,0.017440967,0.02842867
80,65,5.6856657e-06,0.0004936567,0.015375856,0.0266145
81,65,3.1673876e-06,0.00035019242,0.013495175,0.024802292
82,65,1.7334927e-06,0.00024584067,0.011789134,0.02299358
83,65,9.3205523e-07,0.00017079055,0.010246936,0.021189598
84,65,4.923385e-07,0.00011741772,0.008857006,0.019391285
85,65,2.5549713e-07,7.988334e-05,0.0076071895,0.017599294
86,65,1.3025905e-07,5.377935e-05,0.0064849313,0.01581401
87,65,6.524251e-08,3.5823734e-05,0.0054774205,0.0140355555
88,65,3.2103735e-08,2.36056e-05,0.004571716,0.012263816
89,65,1.5519586e-08,1.5376667e-05,0.0037548386,0.010498458
90,65,7.370625e-09,9.884179e-06,0.003013842,0.00873895
91,65,3.438988e-09,6.2394083e-06,0.0023358546,0.0069845878
92,65,1.5763645e-09,3.815554e-06,0.0017081033,0.0052345227
93,65,7.098797e-10,2.1691253e-06,0.0011179186,0.0034877856
94,65,3.1405814e-10,9.792699e-07,0.0005527214,0.0017433178
95,65,0.0,0.0,0.0,0.0
0,66,0.0,0.0,0.0,0.0
1,66,2.2825587e-10,8.098268e-07,0.00051512563,0.0016926992
2,66,5.15934e-10,1.7939232e-06,0.001041881,0.0033865147
3,66,1.1456938e-09,3.1558786e-06,0.0015919294,0.005082534
4,66,2.4994296e-09,5.16129e-06,0.0021769966,0.0067817857
5,66,5.356933e-09,8.1773405e-06,0.002808894,0.008485209
6,66,1.1279513e-08,1.272307e-05,0.003499528,0.010193631
7,66,2.3332788e-08,1.9534531e-05,0.0042608976,0.011907733
8,66,4.7417927e-08,2.9649425e-05,0.005105073,0.013628032
9,66,9.467162e-08,4.4516124e-05,0.0060441536,0.015354852
10,66,1.8569368e-07,6.613222e-05,0.007090206,0.017088305
11,66,3.578278e-07,9.721744e-05,0.00825517,0.01882827
12,66,6.774117e-07,0.00014142515,0.009550755,0.020574374
13,66,1.2598878e-06,0.00020359512,0.01098829,0.022325987
14,66,2.302037e-06,0.00029004793,0.012578571,0.024082191
15,66,4.1322974e-06,0.00040891778,0.014331663,0.025841791
16,66,7.287413e-06,0.00057051587,0.016256697,0.027603295
17,66,1.2625683e-05,0.0007877102,0.018361637,0.029364917
18,66,2.149004e-05,0.0010763002,0.020653045,0.031124577
19,66,3.5935132e-05,0.0014553578,0.023135826,0.0328799
20,66,5.90341e-05,0.0019474974,0.025812967,0.034628224
21,66,9.527671e-05,0.0025790264,0.028685298,0.03636661
22,66,0.00015106749,0.0033799296,0.031751245,0.03809186
23,66,0.00023531856,0.0043836264,0.03500659,0.039800517
24,66,0.00036011552,0.0056264494,0.038444318,0.0414889
25,66,0.00054141256,0.007146795,0.042054407,0.04315312
26,66,0.0007996772,0.0089839045,0.045823745,0.044789094
27,66,0.0011603864,0.0111762695,0.04973604,0.046392586
28,66,0.0016542091,0.013759646,0.053771816,0.047959223
29,66,0.0023167504,0.01676475,0.057908453,0.049484547
30,66,0.003187632,0.020214697,0.06212031,0.050964005
31,66,0.0043088202,0.024122285,0.066378914,0.052393034
32,66,0.0057220166,0.028487297,0.07065321,0.05376705
33,66,0.0074651726,0.033294033,0.074909896,0.05508151
34,66,0.009568228,0.038509198,0.07911378,0.056331936
35,66,0.012048247,0.044080455,0.08322828,0.05751396
36,66,0.014904475,0.049935766,0.08721589,0.058623344
37,66,0.018113816,0.055983737,0.09103877,0.059656028
38,66,0.021627393,0.062115066,0.094659284,0.060608163
39,66,0.02536873,0.06820518,0.09804066,0.06147613
40,66,0.029234385,0.074117966,0.10114758,0.062256575
41,66,0.03309708,0.07971052,0.10394677,0.06294645
42,66,0.036811728,0.084838726,0.106407635,0.06354302
43,66,0.04022382,0.08936329,0.1085028,0.06404392
44,66,0.043179825,0.093156025,0.11020858,0.0644471
45,66,0.045538533,0.09610581,0.11150549,0.06475093
46,66,0.047182165,0.09812403,0.11237856,0.064954184
47,66,0.048026096,0.099148974,0.11281766,0.06505602
48,66,0.048026096,0.099148974,0.11281766,0.06505602
49,66,0.047182165,0.09812403,0.11237856,0.064954184
50,66,0.045538533,0.09610581,0.111505486,0.06475093
51,66,0.043179825,0.093156025,0.11020858,0.06444709
52,66,0.04022382,0.08936329,0.10850279,0.06404391
53,66,0.03681172,0.084838726,0.106407635,0.06354302
54,66,0.03309708,0.07971052,0.10394677,0.06294644
55,66,0.029234385,0.07411796,0.10114758,0.062256567
56,66,0.025368735,0.06820517,0.09804067,0.06147612
57,66,0.021627381,0.062115062,0.094659284,0.060608156
58,66,0.018113816,0.055983733,0.09103877,0.05965602
59,66,0.014904475,0.049935766,0.0872159,0.058623336
60,66,0.012048253,0.04408046,0.08322828,0.057513952
61,66,0.009568224,0.038509205,0.07911379,0.05633193
62,66,0.0074651726,0.033294037,0.0749099,0.055081505
63,66,0.0057220166,0.028487299,0.07065322,0.053767048
64,66,0.0043088165,0.024122285,0.06637892,0.05239303
65,66,0.003187632,0.0202147,0.06212032,0.050964005
66,66,0.0023167504,0.016764753,0.057908464,0.049484544
67,66,0.0016542114,0.013759647,0.05377183,0.04795922
68,66,0.0011603847,0.01117627,0.049736056,0.046392582
69,66,0.0007996772,0.008983906,0.04582376,0.044789087
70,66,0.00054141256,0.0071467957,0.042054422,0.043153115
71,66,0.000360116,0.0056264503,0.038444333,0.0414889
72,66,0.00023531856,0.004383627,0.035006605,0.03980052
73,66,0.00015106749,0.00337993,0.031751253,0.038091864
74,66,9.527671e-05,0.0025790269,0.028685307,0.036366615
75,66,5.9033988e-05,0.0019474977,0.025812976,0.034628224
76,66,3.5935132e-05,0.001455358,0.023135835,0.032879904
77,66,2.149004e-05,0.0010763003,0.020653054,0.031124583
78,66,1.2625683e-05,0.00078771036,0.018361643,0.029364923
79,66,7.2873922e-06,0.00057051604,0.016256703,0.0276033
80,66,4.1322974e-06,0.00040891787,0.014331669,0.025841797
81,66,2.302037e-06,0.000290048,0.012578577,0.024082197
82,66,1.2598914e-06,0.00020359515,0.010988294,0.022325993
83,66,6.774117e-07,0.00014142519,0.009550759,0.02057438
84,66,3.578278e-07,9.721747e-05,0.008255173,0.018828275
85,66,1.8569368e-07,6.613224e-05,0.0070902086,0.01708831
86,66,9.467126e-08,4.4516135e-05,0.006044157,0.015354857
87,66,4.7417927e-08,2.964943e-05,0.005105076,0.013628037
88,66,2.3332788e-08,1.9534538e-05,0.0042609,0.011907738
89,66,1.12795355e-08,1.2723072e-05,0.0034995298,0.010193635
90,66,5.356923e-09,8.177342e-06,0.0028088954,0.008485213
91,66,2.4994296e-09,5.1612915e-06,0.002176998,0.006781789
92,66,1.1456938e-09,3.1558793e-06,0.0015919303,0.005082537
93,66,5.15935e-10,1.7939235e-06,0.0010418816,0.0033865166
94,66,2.2825543e-10,8.09827e-07,0.000515126,0.0016927
95,66,0.0,0.0,0.0,0.0
0,67,0.0,0.0,0.0,0.0
1,67,1.6298e-10,6.6266415e-07,0.00047821057,0.0016405127
2,67,3.6838893e-10,1.4680343e-06,0.0009672199,0.0032821079
3,67,8.180489e-10,2.5828465e-06,0.0014778579,0.0049258387
4,67,1.784651e-09,4.224659e-06,0.0020210128,0.006572703
5,67,3.824968e-09,6.6943003e-06,0.0026076525,0.00822361
6,67,8.05382e-09,1.0417091e-05,0.0032488324,0.009879363
7,67,1.6660124e-08,1.5996282e-05,0.0039556953,0.0115406215
8,67,3.3857376e-08,2.4282479e-05,0.00473945,0.013207886
9,67,6.759748e-08,3.64631e-05,0.0056113317,0.014881472
10,67,1.3258924e-07,5.4176067e-05,0.006582546,0.016561486
11,67,2.5549713e-07,7.965173e-05,0.007664183,0.018247815
12,67,4.8368685e-07,0.00011588649,0.008867116,0.019940093
13,67,8.995875e-07,0.00016685037,0.010201867,0.02163771
14,67,1.643705e-06,0.00023772872,0.011678462,0.02333978
15,67,2.9505538e-06,0.00033519577,0.01330625,0.025045142
16,67,5.203368e-06,0.00046771287,0.015093711,0.026752349
17,67,9.015014e-06,0.00064584095,0.017048247,0.028459674
18,67,1.534433e-05,0.00088254834,0.01917595,0.030165095
19,67,2.5658472e-05,0.0011934916,0.021481378,0.031866316
20,67,4.2151605e-05,0.001597237,0.023967309,0.033560753
21,67,6.802966e-05,0.0021153865,0.026634514,0.035245564
22,67,0.000107865504,0.0027725634,0.029481532,0.036917634
23,67,0.00016802261,0.0035962153,0.032504458,0.03857363
24,67,0.00025713036,0.0046161874,0.03569677,0.040209983
25,67,0.00038658048,0.005864022,0.03904917,0.04182291
26,67,0.00057098735,0.007371964,0.042549476,0.04340847
27,67,0.00082854176,0.009171642,0.046182565,0.044962548
28,67,0.0011811422,0.01129245,0.04993035,0.046480905
29,67,0.0016542114,0.013759645,0.05377182,0.047959223
30,67,0.0022760392,0.01659224,0.057683174,0.049393095
31,67,0.0030765922,0.019800778,0.06163796,0.050778087
32,67,0.004085643,0.023385122,0.06560735,0.052109763
33,67,0.005330297,0.027332405,0.06956039,0.05338372
34,67,0.006831928,0.03161531,0.07346443,0.054595616
35,67,0.008602709,0.036190867,0.077285476,0.055741213
36,67,0.0106421225,0.040999923,0.080988705,0.05681641
37,67,0.012933663,0.04596741,0.08453895,0.057817277
38,67,0.015442433,0.05100356,0.08790129,0.058740072
39,67,0.018113825,0.05600602,0.09104154,0.05958129
40,67,0.020873994,0.06086297,0.093926914,0.06033769
41,67,0.023632042,0.065456994,0.09652652,0.06100631
42,67,0.026284382,0.069669664,0.098811924,0.061584502
43,67,0.02872069,0.07338654,0.1007577,0.062069956
44,67,0.030831343,0.07650228,0.102341875,0.06246072
45,67,0.03251551,0.078925565,0.103546314,0.0627552
46,67,0.033689093,0.080583565,0.104357146,0.06295218
47,67,0.034291677,0.08142558,0.10476492,0.06305088
48,67,0.034291677,0.08142558,0.10476492,0.06305088
49,67,0.033689093,0.080583565,0.10435714,0.062952176
50,67,0.03251551,0.078925565,0.103546314,0.06275519
51,67,0.030831343,0.07650228,0.10234187,0.062460713
52,67,0.02872069,0.07338655,0.1007577,0.062069952
53,67,0.026284376,0.06966967,0.098811924,0.061584495
54,67,0.023632042,0.065456994,0.09652652,0.061006304
55,67,0.020873994,0.060862966,0.09392692,0.060337685
56,67,0.018113835,0.056006018,0.09104154,0.059581283
57,67,0.015442425,0.051003557,0.08790129,0.058740065
58,67,0.012933663,0.04596741,0.084538944,0.05781727
59,67,0.0106421225,0.040999923,0.0809887,0.056816403
60,67,0.008602712,0.036190867,0.077285476,0.055741206
61,67,0.006831925,0.03161531,0.07346444,0.05459561
62,67,0.005330297,0.027332406,0.0695604,0.05338371
63,67,0.004085643,0.023385122,0.065607354,0.05210976
64,67,0.0030765894,0.01980078,0.061637964,0.050778084
65,67,0.0022760392,0.016592242,0.057683177,0.049393095
66,67,0.0016542114,0.013759647,0.05377183,0.047959223
67,67,0.0011811426,0.011292452,0.04993036,0.04648091
68,67,0.0008285406,0.009171644,0.04618258,0.044962544
69,67,0.00057098735,0.0073719653,0.04254949,0.04340847
70,67,0.00038658048,0.005864023,0.039049186,0.04182291
71,67,0.00025713062,0.0046161884,0.035696786,0.040209986
72,67,0.00016802261,0.003596216,0.032504473,0.038573638
73,67,0.000107865504,0.0027725638,0.029481543,0.03691764
74,67,6.802966e-05,0.002115387,0.026634524,0.035245568
75,67,4.2151565e-05,0.0015972374,0.023967316,0.033560757
76,67,2.5658472e-05,0.0011934919,0.021481385,0.03186632
77,67,1.534433e-05,0.00088254845,0.019175958,0.0301651
78,67,9.015014e-06,0.00064584106,0.017048255,0.028459677
79,67,5.203363e-06,0.000467713,0.015093717,0.026752355
80,67,2.9505538e-06,0.00033519586,0.013306254,0.025045145
81,67,1.643705e-06,0.00023772877,0.011678466,0.023339786
82,67,8.995892e-07,0.00016685041,0.01020187,0.021637714
83,67,4.8368685e-07,0.00011588652,0.008867119,0.019940099
84,67,2.5549713e-07,7.965175e-05,0.007664187,0.01824782
85,67,1.3258924e-07,5.417608e-05,0.006582549,0.016561491
86,67,6.7597355e-08,3.646311e-05,0.0056113345,0.014881478
87,67,3.3857376e-08,2.4282484e-05,0.004739452,0.013207891
88,67,1.6660124e-08,1.5996286e-05,0.0039556976,0.011540626
89,67,8.053836e-09,1.0417094e-05,0.003248834,0.0098793665
90,67,3.8249603e-09,6.6943016e-06,0.0026076536,0.008223615
91,67,1.784651e-09,4.2246597e-06,0.002021014,0.006572706
92,67,8.180489e-10,2.5828467e-06,0.0014778588,0.0049258415
93,67,3.6838962e-10,1.4680346e-06,0.00096722046,0.0032821097
94,67,1.629797e-10,6.626642e-07,0.00047821083,0.0016405137
95,67,0.0,0.0,0.0,0.0
0,68,0.0,0.0,0.0,0.0
1,68,1.14325924e-10,5.365441e-07,0.00044220465,0.0015869134
2,68,2.5841454e-10,1.1887236e-06,0.00089439744,0.0031748738
3,68,5.7384064e-10,2.0916623e-06,0.0013665953,0.0047649005
4,68,1.2518828e-09,3.4217057e-06,0.0018688691,0.0063579585
5,68,2.6831133e-09,5.422744e-06,0.0024113632,0.007954929
6,68,5.649541e-09,8.4396615e-06,0.0030043044,0.009556585
7,68,1.1686633e-08,1.296171e-05,0.003657999,0.011163569
8,68,2.3750095e-08,1.9678871e-05,0.0043828147,0.012776364
9,68,4.7417927e-08,2.9554483e-05,0.0051891454,0.014395273
10,68,9.300782e-08,4.3917582e-05,0.0060873562,0.016020402
11,68,1.7922427e-07,6.4578184e-05,0.0070877057,0.01765164
12,68,3.3929345e-07,9.396833e-05,0.008200253,0.019288635
13,68,6.310367e-07,0.00013531074,0.009434733,0.020930795
14,68,1.1530153e-06,0.00019281537,0.01080042,0.022577262
15,68,2.069733e-06,0.00027190158,0.012305966,0.024226915
16,68,3.6500278e-06,0.00037944096,0.013959215,0.025878355
17,68,6.3237926e-06,0.0005240111,0.015767016,0.02752991
18,68,1.0763661e-05,0.00071614643,0.017735004,0.029179625
19,68,1.7998736e-05,0.00096856663,0.019867405,0.030825276
20,68,2.956823e-05,0.0012963573,0.022166785,0.03246437
21,68,4.7720998e-05,0.0017170726,0.024633862,0.034094147
22,68,7.5664786e-05,0.0022507247,0.027267287,0.03571161
23,68,0.0001178634,0.0029196243,0.030063448,0.03731352
24,68,0.00018037012,0.0037480332,0.033016317,0.038896423
25,68,0.00027117593,0.0047615985,0.036117293,0.040456675
26,68,0.00040053227,0.00598654,0.039355114,0.041990448
27,68,0.0005811997,0.007448585,0.04271578,0.04349377
28,68,0.00082853937,0.009171643,0.04618257,0.044962548
29,68,0.0011603847,0.011176269,0.04973605,0.046392582
30,68,0.001596581,0.013477946,0.05335419,0.047779627
31,68,0.0021581477,0.01608527,0.057012543,0.04911939
32,68,0.0028659715,0.018998165,0.06068442,0.050407574
33,68,0.0037390618,0.022206191,0.06434121,0.05163993
34,68,0.0047924137,0.025687171,0.06795266,0.052812245
35,68,0.006034574,0.029406197,0.07148737,0.053920433
36,68,0.0074651656,0.033315193,0.07491311,0.054960523
37,68,0.00907262,0.03735314,0.078197345,0.05592871
38,68,0.010832456,0.04144706,0.081307754,0.056821372
39,68,0.012706367,0.045513734,0.08421275,0.05763512
40,68,0.014642551,0.049462244,0.08688196,0.058366816
41,68,0.016577253,0.05319711,0.089286804,0.059013605
42,68,0.018437795,0.056622025,0.091400996,0.059572916
43,68,0.0201468,0.059643924,0.09320101,0.06004252
44,68,0.021627367,0.062177125,0.09466651,0.06042052
45,68,0.022808766,0.06414736,0.09578073,0.060705375
46,68,0.023632009,0.0654954,0.09653082,0.06089593
47,68,0.024054706,0.066180006,0.096908055,0.060991406
48,68,0.024054706,0.066180006,0.096908055,0.060991406
49,68,0.023632009,0.0654954,0.09653081,0.06089593
50,68,0.022808766,0.06414736,0.09578073,0.06070537
51,68,0.021627367,0.06217712,0.09466651,0.060420517
52,68,0.0201468,0.059643924,0.09320101,0.060042515
53,68,0.01843779,0.05662203,0.091400996,0.059572913
54,68,0.016577253,0.05319711,0.089286804,0.059013598
55,68,0.014642551,0.04946224,0.08688195,0.05836681
56,68,0.012706373,0.04551373,0.08421274,0.057635114
57,68,0.01083245,0.041447055,0.08130776,0.05682136
58,68,0.00907262,0.03735314,0.078197345,0.055928703
59,68,0.0074651656,0.033315193,0.07491311,0.05496052
60,68,0.006034577,0.029406196,0.071487375,0.05392043
61,68,0.0047924113,0.025687171,0.06795267,0.05281224
62,68,0.0037390618,0.022206193,0.06434121,0.05163992
63,68,0.0028659715,0.018998167,0.06068442,0.05040757
64,68,0.0021581457,0.016085275,0.057012547,0.049119387
65,68,0.001596581,0.013477948,0.053354196,0.047779627
66,68,0.0011603847,0.01117627,0.049736056,0.046392586
67,68,0.0008285406,0.009171644,0.04618258,0.044962548
68,68,0.0005811989,0.0074485857,0.042715795,0.04349377
69,68,0.00040053227,0.0059865415,0.039355125,0.041990444
70,68,0.00027117593,0.0047615995,0.036117304,0.040456675
71,68,0.00018037029,0.003748034,0.03301633,0.038896427
72,68,0.0001178634,0.0029196248,0.030063462,0.03731352
73,68,7.5664786e-05,0.0022507252,0.027267298,0.035711613
74,68,4.7720998e-05,0.0017170729,0.024633871,0.03409415
75,68,2.95682e-05,0.0012963575,0.022166792,0.03246437
76,68,1.7998736e-05,0.00096856675,0.01986741,0.030825282
77,68,1.0763661e-05,0.0007161465,0.017735014,0.02917963
78,68,6.3237926e-06,0.0005240112,0.015767021,0.027529916
79,68,3.6500173e-06,0.00037944104,0.01395922,0.02587836
80,68,2.069733e-06,0.00027190166,0.01230597,0.02422692
81,68,1.1530153e-06,0.00019281541,0.010800424,0.022577267
82,68,6.310385e-07,0.00013531078,0.009434736,0.0209308
83,68,3.3929345e-07,9.396835e-05,0.008200256,0.01928864
84,68,1.7922427e-07,6.45782e-05,0.007087709,0.017651645
85,68,9.300782e-08,4.3917596e-05,0.006087359,0.016020408
86,68,4.7417746e-08,2.955449e-05,0.0051891482,0.014395278
87,68,2.3750095e-08,1.9678877e-05,0.004382817,0.012776368
88,68,1.1686633e-08,1.2961715e-05,0.003658001,0.011163574
89,68,5.6495515e-09,8.439663e-06,0.0030043062,0.00955659
90,68,2.6831082e-09,5.422745e-06,0.0024113646,0.007954932
91,68,1.2518828e-09,3.4217067e-06,0.0018688701,0.006357962
92,68,5.7384064e-10,2.091663e-06,0.001366596,0.0047649033
93,68,2.5841504e-10,1.1887238e-06,0.0008943979,0.0031748756
94,68,1.143257e-10,5.3654423e-07,0.0004422049,0.0015869143
95,68,0.0,0.0,0.0,0.0
0,69,0.0,0.0,0.0,0.0
1,69,7.8787636e-11,4.2986028e-07,0.00040730968,0.0015320539
2,69,1.7808621e-10,9.524387e-07,0.0008238217,0.0030651188
3,69,3.954604e-10,1.6760945e-06,0.0012587645,0.004600179
4,69,8.627342e-10,2.7422716e-06,0.0017214174,0.0061381655
5,69,1.8490621e-09,4.346633e-06,0.0022211266,0.007679929
6,69,3.8933696e-09,6.765919e-06,0.002767314,0.009226218
7,69,8.05382e-09,1.0392789e-05,0.0033694764,0.010777651
8,69,1.636733e-08,1.578109e-05,0.0040371665,0.012334695
9,69,3.267797e-08,2.3704235e-05,0.0047799605,0.0138976425
10,69,6.409628e-08,3.5229397e-05,0.00560741,0.015466597
11,69,1.2351228e-07,5.18102e-05,0.0065289675,0.017041447
12,69,2.3382364e-07,7.5400094e-05,0.0075539034,0.01862186
13,69,4.348781e-07,0.00010858802,0.008691187,0.020207256
14,69,7.9459824e-07,0.00015475649,0.0099493675,0.021796815
15,69,1.4263552e-06,0.00021826036,0.011336415,0.02338945
16,69,2.5154093e-06,0.0003046222,0.012859562,0.024983812
17,69,4.3580294e-06,0.00042073664,0.01452512,0.026578283
18,69,7.417755e-06,0.0005750724,0.016338289,0.028170982
19,69,1.2403805e-05,0.0007778563,0.018302951,0.02975976
20,69,2.0376925e-05,0.0010412189,0.020421486,0.031342205
21,69,3.2886863e-05,0.0013792778,0.022694554,0.032915656
22,69,5.2144234e-05,0.0018081296,0.025120914,0.03447722
23,69,8.122533e-05,0.0023457217,0.02769724,0.03602377
24,69,0.00012430183,0.0030115752,0.030417979,0.037551973
25,69,0.00018688035,0.0038263267,0.03327521,0.039058305
26,69,0.00027602614,0.004811079,0.036258552,0.04053908
27,69,0.00040053282,0.0059865406,0.039355118,0.041990448
28,69,0.00057098654,0.007371964,0.04254948,0.043408472
29,69,0.0007996772,0.008983905,0.04582375,0.04478909
30,69,0.0011002816,0.010834841,0.04915763,0.046128206
31,69,0.001487284,0.012931715,0.05252858,0.047421675
32,69,0.0019750786,0.015274482,0.055912018,0.04866535
33,69,0.0025767693,0.017854774,0.059281565,0.049855117
34,69,0.0033026855,0.020654768,0.06260937,0.050986927
35,69,0.004158715,0.023646394,0.06586646,0.052056827
36,69,0.0051446063,0.026790988,0.06902316,0.05306098
37,69,0.0062523843,0.030039465,0.07204949,0.053995706
38,69,0.0074651693,0.033333104,0.07491566,0.05485753
39,69,0.008756576,0.03660495,0.077592544,0.05564316
40,69,0.010090889,0.039781827,0.08005216,0.05634958
41,69,0.011424187,0.0427869,0.082268186,0.056974016
42,69,0.012706379,0.04554266,0.084216386,0.057514004
43,69,0.013884134,0.04797419,0.08587508,0.057967383
44,69,0.014904467,0.050012533,0.08722552,0.058332324
45,69,0.015718628,0.05159791,0.088252254,0.058607336
46,69,0.016285963,0.052682642,0.08894345,0.05879131
47,69,0.01657726,0.053233523,0.08929108,0.058883484
48,69,0.01657726,0.053233523,0.08929107,0.058883484
49,69,0.016285963,0.05268264,0.08894345,0.05879131
50,69,0.015718628,0.051597912,0.088252254,0.058607336
51,69,0.014904467,0.050012536,0.08722551,0.05833232
52,69,0.013884134,0.047974188,0.08587508,0.057967376
53,69,0.012706373,0.04554266,0.084216386,0.057514
54,69,0.011424187,0.0427869,0.082268186,0.05697401
55,69,0.010090889,0.039781827,0.08005216,0.05634957
56,69,0.008756576,0.03660495,0.07759254,0.055643156
57,69,0.0074651656,0.0333331,0.07491566,0.054857522
58,69,0.0062523843,0.030039465,0.0720495,0.0539957
59,69,0.0051446063,0.026790988,0.06902316,0.053060975
60,69,0.0041587166,0.023646394,0.06586647,0.052056823
61,69,0.0033026838,0.020654768,0.062609375,0.050986923
62,69,0.0025767693,0.017854774,0.059281573,0.049855113
63,69,0.0019750786,0.015274482,0.05591202,0.048665345
64,69,0.0014872832,0.012931716,0.052528586,0.04742167
65,69,0.0011002816,0.010834843,0.04915764,0.046128206
66,69,0.0007996772,0.008983906,0.04582376,0.044789094
67,69,0.00057098735,0.0073719653,0.04254949,0.04340847
68,69,0.00040053227,0.0059865415,0.039355125,0.041990448
69,69,0.00027602614,0.0048110797,0.036258563,0.04053908
70,69,0.00018688035,0.0038263272,0.03327522,0.039058305
71,69,0.00012430195,0.0030115754,0.03041799,0.037551973
72,69,8.122533e-05,0.0023457224,0.02769725,0.036023773
73,69,5.2144234e-05,0.00180813,0.025120923,0.034477223
74,69,3.2886863e-05,0.0013792781,0.022694562,0.03291566
75,69,2.0376867e-05,0.0010412191,0.020421494,0.03134221
76,69,1.2403805e-05,0.00077785645,0.018302958,0.029759763
77,69,7.417755e-06,0.00057507254,0.016338294,0.028170988
78,69,4.3580294e-06,0.00042073673,0.014525127,0.026578289
79,69,2.515407e-06,0.00030462228,0.012859567,0.024983818
80,69,1.4263552e-06,0.00021826042,0.011336419,0.023389455
81,69,7.9459824e-07,0.00015475653,0.009949371,0.02179682
82,69,4.3487896e-07,0.00010858805,0.008691191,0.020207262
83,69,2.3382364e-07,7.54001e-05,0.0075539066,0.018621866
84,69,1.2351228e-07,5.181021e-05,0.0065289713,0.017041452
85,69,6.409628e-08,3.522941e-05,0.0056074127,0.015466602
86,69,3.267791e-08,2.3704242e-05,0.0047799633,0.013897648
87,69,1.636733e-08,1.5781094e-05,0.0040371683,0.0123347
88,69,8.05382e-09,1.03927905e-05,0.0033694783,0.010777656
89,69,3.8933847e-09,6.7659207e-06,0.0027673154,0.0092262225
90,69,1.8490587e-09,4.346634e-06,0.0022211277,0.007679933
91,69,8.627342e-10,2.7422725e-06,0.0017214185,0.0061381687
92,69,3.954604e-10,1.6760949e-06,0.0012587653,0.0046001817
93,69,1.7808655e-10,9.524389e-07,0.0008238221,0.0030651207
94,69,7.8787483e-11,4.2986034e-07,0.0004073099,0.0015320549
95,69,0.0,0.0,0.0,0.0
0,70,0.0,0.0,0.0,0.0
1,70,5.3342317e-11,3.4076749e-07,0.0003736992,0.001476084
2,70,1.2057112e-10,7.5509894e-07,0.00075584353,0.0029531422
3,70,2.677422e-10,1.3289801e-06,0.0011549025,0.0044321227
4,70,5.841049e-10,2.174675e-06,0.0015793915,0.005913923
5,70,1.2518852e-09,3.4475133e-06,0.0020378882,0.0073993634
6,70,2.6359641e-09,5.3672393e-06,0.0025390403,0.008889164
7,70,5.452752e-09,8.245698e-06,0.003091563,0.010383922
8,70,1.1081304e-08,1.2522834e-05,0.0037042235,0.011884086
9,70,2.2124226e-08,1.8813105e-05,0.004385812,0.0133899385
10,70,4.339561e-08,2.7964497e-05,0.005145095,0.014901579
11,70,8.362266e-08,4.1132265e-05,0.005990749,0.0164189
12,70,1.5830747e-07,5.9869148e-05,0.006931282,0.017941583
13,70,2.94429e-07,8.623334e-05,0.00797493,0.01946907
14,70,5.3797413e-07,0.00012291434,0.009129537,0.021000566
15,70,9.656984e-07,0.00017337524,0.010402424,0.022535026
16,70,1.7030292e-06,0.00024200848,0.011800229,0.024071153
17,70,2.9505568e-06,0.00033429847,0.013328744,0.025607387
18,70,5.0221015e-06,0.00045698276,0.014992746,0.027141914
19,70,8.397854e-06,0.00061819877,0.016795805,0.028672662
20,70,1.3795964e-05,0.0008276001,0.0187401,0.030197311
21,70,2.2265696e-05,0.001096423,0.020826243,0.031713296
22,70,3.5303692e-05,0.0014374811,0.023053095,0.03321783
23,70,5.4992677e-05,0.0018650631,0.02541761,0.0347079
24,70,8.415713e-05,0.002394712,0.027914688,0.03618029
25,70,0.00012652532,0.0030428637,0.030537063,0.037631612
26,70,0.00018688035,0.0038263267,0.03327521,0.039058305
27,70,0.00027117616,0.004761599,0.036117297,0.04045668
28,70,0.0003865801,0.0058640223,0.03904917,0.041822914
29,70,0.00054141256,0.0071467953,0.042054415,0.04315312
30,70,0.0007449331,0.008619869,0.045114383,0.044443335
31,70,0.001006949,0.010288794,0.048208404,0.045689568
32,70,0.001337205,0.012153554,0.051313907,0.046887826
33,70,0.0017445714,0.014207505,0.05440668,0.04803415
34,70,0.0022360454,0.016436473,0.057461154,0.049124636
35,70,0.0028156117,0.018818125,0.06045075,0.050155465
36,70,0.0034830987,0.021321684,0.06334821,0.05112295
37,70,0.0042331032,0.02390807,0.06612601,0.05202355
38,70,0.00505421,0.026530523,0.06875681,0.052853897
39,70,0.005928537,0.029135728,0.071213886,0.053610846
40,70,0.006831925,0.0316654,0.073471546,0.054291468
41,70,0.007734615,0.034058347,0.07550562,0.054893106
42,70,0.008602709,0.03625282,0.07729387,0.055413377
43,70,0.009400099,0.038189147,0.07881638,0.0558502
44,70,0.0100909,0.03981239,0.080055945,0.056201812
45,70,0.010642117,0.041074928,0.08099839,0.056466788
46,70,0.011026225,0.04193878,0.08163284,0.05664404
47,70,0.011223445,0.042377494,0.08195192,0.056732852
48,70,0.011223445,0.042377494,0.08195192,0.056732856
49,70,0.011026225,0.04193878,0.08163284,0.05664404
50,70,0.010642117,0.04107493,0.08099839,0.056466784
51,70,0.0100909,0.03981239,0.080055945,0.05620181
52,70,0.009400099,0.038189147,0.07881638,0.055850197
53,70,0.008602705,0.03625282,0.07729387,0.055413373
54,70,0.007734615,0.034058344,0.07550562,0.0548931
55,70,0.006831925,0.031665403,0.073471546,0.05429146
56,70,0.0059285397,0.029135726,0.071213886,0.05361084
57,70,0.005054205,0.026530523,0.06875681,0.05285389
58,70,0.0042331032,0.023908067,0.06612601,0.05202354
59,70,0.0034830987,0.021321682,0.06334821,0.051122945
60,70,0.0028156142,0.018818125,0.06045076,0.05015546
61,70,0.0022360433,0.016436473,0.05746116,0.04912463
62,70,0.0017445714,0.014207505,0.054406688,0.048034146
63,70,0.001337205,0.012153554,0.05131391,0.046887822
64,70,0.0010069481,0.0102887945,0.04820841,0.045689564
65,70,0.0007449331,0.00861987,0.045114394,0.04444333
66,70,0.00054141256,0.007146796,0.042054422,0.04315312
67,70,0.00038658048,0.005864023,0.039049182,0.041822914
68,70,0.00027117593,0.0047615995,0.036117308,0.04045668
69,70,0.00018688035,0.0038263272,0.03327522,0.039058305
70,70,0.00012652532,0.0030428641,0.030537074,0.037631612
71,70,8.415721e-05,0.0023947125,0.0279147,0.03618029
72,70,5.4992677e-05,0.0018650634,0.02541762,0.0347079
73,70,3.5303692e-05,0.0014374815,0.023053102,0.033217832
74,70,2.2265696e-05,0.0010964232,0.02082625,0.0317133
75,70,1.3795925e-05,0.0008276003,0.018740106,0.030197315
76,70,8.397854e-06,0.0006181989,0.01679581,0.028672665
77,70,5.0221015e-06,0.00045698285,0.014992752,0.027141917
78,70,2.9505568e-06,0.00033429853,0.01332875,0.025607392
79,70,1.7030292e-06,0.00024200854,0.011800232,0.024071159
80,70,9.656984e-07,0.00017337529,0.010402428,0.022535032
81,70,5.3797413e-07,0.00012291437,0.009129541,0.021000572
82,70,2.944298e-07,8.623336e-05,0.007974934,0.019469075
83,70,1.5830747e-07,5.9869162e-05,0.0069312854,0.017941589
84,70,8.362266e-08,4.1132276e-05,0.005990752,0.016418908
85,70,4.339561e-08,2.7964506e-05,0.0051450976,0.014901584
86,70,2.2124226e-08,1.8813109e-05,0.0043858145,0.013389943
87,70,1.1081304e-08,1.2522837e-05,0.0037042254,0.0118840905
88,70,5.452752e-09,8.2457e-06,0.0030915644,0.010383926
89,70,2.635974e-09,5.3672406e-06,0.0025390415,0.008889169
90,70,1.2518828e-09,3.447514e-06,0.0020378893,0.0073993676
91,70,5.841049e-10,2.1746753e-06,0.0015793925,0.005913926
92,70,2.677422e-10,1.3289806e-06,0.0011549031,0.0044321255
93,70,1.2057134e-10,7.550991e-07,0.0007558439,0.0029531438
94,70,5.3342216e-11,3.4076754e-07,0.00037369938,0.0014760848
95,70,0.0,0.0,0.0,0.0
0,71,0.0,0.0,0.0,0.0
1,71,3.548021e-11,2.6729887e-07,0.0003415181,0.0014191485
2,71,8.01969e-11,5.923528e-07,0.00069075625,0.0028392337
3,71,1.7808655e-10,1.0426793e-06,0.0010554567,0.0042611673
4,71,3.885119e-10,1.7064489e-06,0.0014434039,0.0056858123
5,71,8.3268126e-10,2.705685e-06,0.0018624391,0.0071139573
6,71,1.7532901e-09,4.2130496e-06,0.0023204677,0.008546295
7,71,3.6268468e-09,6.4736246e-06,0.0028254574,0.009983399
8,71,7.370639e-09,9.833229e-06,0.0033854232,0.011425701
9,71,1.47157495e-08,1.4774951e-05,0.0040084017,0.0128734745
10,71,2.8864182e-08,2.1965592e-05,0.004702407,0.014326814
11,71,5.5620827e-08,3.231373e-05,0.0054753725,0.015785616
12,71,1.0529683e-07,4.7040754e-05,0.0063350773,0.017249571
13,71,1.9583686e-07,6.776592e-05,0.007289052,0.018718146
14,71,3.578288e-07,9.6605465e-05,0.0083444705,0.020190578
15,71,6.4232523e-07,0.00013628483,0.009508024,0.02166586
16,71,1.132755e-06,0.00019026126,0.0107857855,0.023142748
17,71,1.9625388e-06,0.00026285223,0.012183053,0.024619736
18,71,3.34041e-06,0.0003593625,0.013704194,0.026095085
19,71,5.5857595e-06,0.00048619995,0.015352474,0.027566804
20,71,9.176256e-06,0.0006509675,0.017129889,0.02903266
21,71,1.4809819e-05,0.0008625157,0.019036999,0.030490186
22,71,2.3481942e-05,0.0011309392,0.021072766,0.031936705
23,71,3.6577934e-05,0.0014674965,0.023234406,0.033369314
24,71,5.597638e-05,0.0018844361,0.025517263,0.034784935
25,71,8.415721e-05,0.002394712,0.02791469,0.03618029
26,71,0.00012430195,0.0030115752,0.03041798,0.037551973
27,71,0.00018037064,0.0037480334,0.03301632,0.038896427
28,71,0.00025713062,0.0046161874,0.03569677,0.040209986
29,71,0.000360116,0.00562645,0.03844432,0.0414889
30,71,0.0004954857,0.006786678,0.04124193,0.04272937
31,71,0.00066976337,0.00810126,0.044070687,0.043927554
32,71,0.0008894302,0.009570202,0.04690996,0.045079615
33,71,0.001160387,0.0111882845,0.049737617,0.046181746
34,71,0.0014872868,0.012944353,0.05253028,0.047230184
35,71,0.0018727795,0.014820819,0.055263635,0.04822127
36,71,0.0023167527,0.01679344,0.057912763,0.049151454
37,71,0.0028156142,0.018831419,0.060452506,0.050017335
38,71,0.0033617618,0.020897916,0.06285786,0.050815668
39,71,0.003943316,0.022950903,0.06510438,0.051543433
40,71,0.004544195,0.024944441,0.06716858,0.052197818
41,71,0.005144614,0.026830286,0.069028355,0.05277626
42,71,0.0057220166,0.028559769,0.07066338,0.05327647
43,71,0.0062523903,0.030085841,0.07205544,0.053696454
44,71,0.006711873,0.031365186,0.07318879,0.054034512
45,71,0.0070785144,0.03236026,0.074050486,0.054289274
46,71,0.007333997,0.033041116,0.07463059,0.05445969
47,71,0.00746518,0.033386897,0.07492233,0.054545082
48,71,0.00746518,0.033386897,0.07492233,0.05454508
49,71,0.007333997,0.033041116,0.07463058,0.054459695
50,71,0.0070785144,0.03236026,0.074050486,0.05428927
51,71,0.006711873,0.031365186,0.07318879,0.05403451
52,71,0.0062523903,0.03008584,0.07205544,0.053696454
53,71,0.0057220166,0.028559769,0.07066338,0.05327647
54,71,0.005144614,0.026830286,0.06902836,0.052776255
55,71,0.004544195,0.02494444,0.06716858,0.05219781
56,71,0.00394332,0.022950903,0.06510437,0.05154343
57,71,0.0033617618,0.020897914,0.06285786,0.050815664
58,71,0.0028156142,0.018831419,0.060452506,0.050017323
59,71,0.0023167527,0.01679344,0.057912763,0.04915145
60,71,0.0018727804,0.014820819,0.055263642,0.048221268
61,71,0.0014872861,0.012944353,0.052530285,0.04723018
62,71,0.001160387,0.0111882845,0.04973762,0.046181742
63,71,0.0008894302,0.009570203,0.046909966,0.04507961
64,71,0.0006697627,0.00810126,0.044070695,0.04392755
65,71,0.0004954857,0.0067866785,0.04124194,0.042729367
66,71,0.000360116,0.0056264503,0.038444333,0.0414889
67,71,0.00025713062,0.0046161884,0.035696782,0.040209986
68,71,0.00018037029,0.0037480341,0.03301633,0.038896427
69,71,0.00012430195,0.0030115754,0.03041799,0.037551973
70,71,8.415721e-05,0.0023947125,0.0279147,0.03618029
71,71,5.5976434e-05,0.0018844366,0.025517274,0.03478493
72,71,3.6577934e-05,0.0014674967,0.023234416,0.033369314
73,71,2.3481942e-05,0.0011309395,0.021072775,0.031936705
74,71,1.4809819e-05,0.000862516,0.019037006,0.03049019
75,71,9.176248e-06,0.00065096765,0.017129894,0.029032663
76,71,5.5857595e-06,0.00048620006,0.015352479,0.027566807
77,71,3.34041e-06,0.00035936257,0.013704199,0.02609509
78,71,1.9625388e-06,0.0002628523,0.012183058,0.024619741
79,71,1.1327538e-06,0.0001902613,0.010785789,0.023142753
80,71,6.4232523e-07,0.00013628486,0.009508028,0.021665866
81,71,3.578288e-07,9.660549e-05,0.008344474,0.020190582
82,71,1.9583742e-07,6.776594e-05,0.0072890553,0.01871815
83,71,1.0529683e-07,4.704076e-05,0.0063350806,0.017249575
84,71,5.5620827e-08,3.2313736e-05,0.0054753753,0.01578562
85,71,2.8864182e-08,2.1965598e-05,0.0047024093,0.014326817
86,71,1.4715721e-08,1.4774953e-05,0.0040084035,0.01287348
87,71,7.370639e-09,9.833231e-06,0.0033854248,0.011425706
88,71,3.6268468e-09,6.473626e-06,0.0028254585,0.009983404
89,71,1.7532934e-09,4.213051e-06,0.0023204687,0.0085463
90,71,8.326797e-10,2.7056856e-06,0.0018624399,0.007113961
91,71,3.885119e-10,1.7064494e-06,0.0014434046,0.005685815
92,71,1.7808655e-10,1.0426796e-06,0.0010554573,0.0042611696
93,71,8.019705e-11,5.92353e-07,0.0006907566,0.0028392354
94,71,3.5480074e-11,2.6729896e-07,0.0003415183,0.0014191493
95,71,0.0,0.0,0.0,0.0
0,72,0.0,0.0,0.0,0.0
1,72,2.3184583e-11,2.0746428e-07,0.00031088298,0.001361387
2,72,5.2404754e-11,4.5979678e-07,0.0006287954,0.0027236727
3,72,1.1637086e-10,8.094579e-07,0.00096078723,0.0040877317
4,72,2.53874e-10,1.3249712e-06,0.0013139467,0.005454392
5,72,5.441176e-10,2.1011924e-06,0.001695414,0.0068244115
6,72,1.1456915e-09,3.272373e-06,0.0021123877,0.008198452
7,72,2.3699762e-09,5.0291133e-06,0.002572123,0.009577066
8,72,4.8163527e-09,7.64041e-06,0.0030819199,0.010960667
9,72,9.6160235e-09,1.148211e-05,0.0036490955,0.012349517
10,72,1.886137e-08,1.7073084e-05,0.004280949,0.013743707
11,72,3.634556e-08,2.5120462e-05,0.0049847057,0.01514314
12,72,6.8806465e-08,3.6575013e-05,0.0057674497,0.016547516
13,72,1.2797005e-07,5.2697407e-05,0.0066360403,0.017956326
14,72,2.3382385e-07,7.513554e-05,0.0075970115,0.019368835
15,72,4.1972896e-07,0.00010601202,0.008656459,0.02078408
16,72,7.4020073e-07,0.00014801984,0.009819914,0.022200866
17,72,1.2824232e-06,0.00020452257,0.011092203,0.023617752
18,72,2.1827948e-06,0.0002796536,0.012477305,0.025033064
19,72,3.6500278e-06,0.00037840664,0.013978195,0.026444895
20,72,5.996252e-06,0.00050670747,0.015596696,0.027851103
21,72,9.677511e-06,0.0006714557,0.017333318,0.029249322
22,72,1.5344316e-05,0.00088052155,0.019187117,0.030636977
23,72,2.3901915e-05,0.0011426841,0.021155562,0.0320113
24,72,3.6577898e-05,0.0014674965,0.023234408,0.033369314
25,72,5.4992677e-05,0.0018650631,0.025417611,0.0347079
26,72,8.122533e-05,0.002345722,0.027697241,0.036023773
27,72,0.00011786351,0.0029196243,0.03006345,0.03731352
28,72,0.00016802229,0.0035962157,0.03250446,0.038573638
29,72,0.00023531856,0.004383627,0.035006594,0.03980052
30,72,0.000323776,0.0052879974,0.03755434,0.04099052
31,72,0.00043765825,0.0063127633,0.040130466,0.042139955
32,72,0.0005812,0.007457943,0.04271619,0.043245144
33,72,0.00075825694,0.008719479,0.045291353,0.044302434
34,72,0.00097187015,0.010088683,0.047834665,0.045308217
35,72,0.0012237716,0.0115518505,0.050323978,0.046258982
36,72,0.0015138868,0.013090078,0.0527366,0.047151327
37,72,0.0018398681,0.0146793565,0.05504961,0.047981977
38,72,0.0021967501,0.016290946,0.05724024,0.048747838
39,72,0.002576767,0.017892068,0.05928622,0.049445994
40,72,0.0029694121,0.019446887,0.061166167,0.050073754
41,72,0.003361757,0.02091776,0.062859945,0.050628662
42,72,0.0037390634,0.022266718,0.06434903,0.051108524
43,72,0.0040856376,0.023457047,0.065616846,0.05151142
44,72,0.0043858876,0.024454953,0.06664904,0.051835727
45,72,0.00462547,0.025231136,0.067433834,0.052080125
46,72,0.0047924137,0.025762226,0.067962155,0.052243613
47,72,0.004878135,0.026031947,0.06822787,0.052325524
48,72,0.004878135,0.026031947,0.068227865,0.052325524
49,72,0.004792418,0.025762226,0.067962155,0.052243613
50,72,0.0046254676,0.025231136,0.067433834,0.05208012
51,72,0.0043858876,0.024454951,0.06664904,0.051835723
52,72,0.0040856376,0.023457047,0.065616846,0.05151142
53,72,0.0037390634,0.022266716,0.06434903,0.051108524
54,72,0.003361757,0.020917758,0.062859945,0.05062866
55,72,0.0029694121,0.019446885,0.06116617,0.05007375
56,72,0.0025767693,0.017892066,0.059286218,0.04944599
57,72,0.0021967492,0.016290944,0.057240237,0.04874783
58,72,0.0018398681,0.014679356,0.05504961,0.04798197
59,72,0.0015138868,0.013090078,0.0527366,0.047151323
60,72,0.0012237722,0.011551851,0.05032398,0.046258982
61,72,0.0009718697,0.010088683,0.04783467,0.045308217
62,72,0.00075825694,0.008719479,0.04529136,0.04430243
63,72,0.0005812,0.007457943,0.042716198,0.04324514
64,72,0.0004376576,0.006312764,0.040130474,0.042139955
65,72,0.000323776,0.005287998,0.037554342,0.040990517
66,72,0.00023531856,0.004383627,0.0350066,0.03980052
67,72,0.00016802261,0.0035962162,0.03250447,0.038573638
68,72,0.0001178634,0.0029196246,0.03006346,0.037313525
69,72,8.122533e-05,0.0023457224,0.02769725,0.036023773
70,72,5.4992677e-05,0.0018650633,0.02541762,0.0347079
71,72,3.6577934e-05,0.0014674967,0.023234416,0.033369314
72,72,2.3901915e-05,0.0011426845,0.021155568,0.0320113
73,72,1.5344316e-05,0.0008805218,0.019187124,0.030636981
74,72,9.677511e-06,0.00067145587,0.017333325,0.029249325
75,72,5.996235e-06,0.00050670764,0.015596702,0.027851107
76,72,3.6500278e-06,0.0003784067,0.013978201,0.0264449
77,72,2.1827948e-06,0.00027965367,0.012477309,0.02503307
78,72,1.2824232e-06,0.00020452261,0.011092207,0.023617757
79,72,7.4020073e-07,0.00014801987,0.009819917,0.022200871
80,72,4.1972896e-07,0.00010601205,0.008656463,0.020784086
81,72,2.3382385e-07,7.513557e-05,0.0075970152,0.01936884
82,72,1.2797031e-07,5.2697425e-05,0.006636044,0.01795633
83,72,6.8806465e-08,3.6575024e-05,0.0057674525,0.01654752
84,72,3.634556e-08,2.512047e-05,0.004984708,0.015143144
85,72,1.886137e-08,1.7073087e-05,0.0042809513,0.013743712
86,72,9.6160235e-09,1.1482112e-05,0.0036490972,0.012349522
87,72,4.8163527e-09,7.640412e-06,0.0030819213,0.010960672
88,72,2.3699762e-09,5.029114e-06,0.0025721244,0.00957707
89,72,1.1456938e-09,3.2723738e-06,0.0021123888,0.008198456
90,72,5.441155e-10,2.1011929e-06,0.0016954148,0.0068244147
91,72,2.53874e-10,1.3249715e-06,0.0013139475,0.005454395
92,72,1.1637086e-10,8.0945813e-07,0.00096078776,0.0040877345
93,72,5.2404955e-11,4.597969e-07,0.00062879577,0.0027236743
94,72,2.318454e-11,2.0746434e-07,0.00031088313,0.0013613878
95,72,0.0,0.0,0.0,0.0
0,73,0.0,0.0,0.0,0.0
1,73,1.4883825e-11,1.5932935e-07,0.00028188239,0.0013029329
2,73,3.364232e-11,3.5315006e-07,0.00057014043,0.0026067258
3,73,7.470669e-11,6.217963e-07,0.0008711682,0.003912216
4,73,1.629797e-10,1.017965e-06,0.001191395,0.0052201967
5,73,3.4930692e-10,1.6146219e-06,0.0015372967,0.0065313913
6,73,7.354991e-10,2.5150616e-06,0.001915403,0.007846436
7,73,1.5214526e-09,3.8659664e-06,0.0023322946,0.009165858
8,73,3.0919576e-09,5.8743963e-06,0.0027945926,0.010490054
9,73,6.173206e-09,8.829711e-06,0.0033089356,0.011819274
10,73,1.2108448e-08,1.31314655e-05,0.0038819436,0.013153606
11,73,2.3332788e-08,1.9324281e-05,0.004520172,0.014492955
12,73,4.417174e-08,2.814056e-05,0.0052300463,0.015837038
13,73,8.2153036e-08,4.055161e-05,0.0060177906,0.017185364
14,73,1.5010808e-07,5.782728e-05,0.0068893316,0.018537233
15,73,2.6945372e-07,8.160354e-05,0.007850202,0.019891722
16,73,4.7518722e-07,0.0001139563,0.008905417,0.021247685
17,73,8.2327824e-07,0.00015747883,0.010059362,0.022603743
18,73,1.4012904e-06,0.00021535845,0.011315644,0.0239583
19,73,2.343209e-06,0.0002914464,0.0126769645,0.025309524
20,73,3.849415e-06,0.00039031368,0.014144979,0.026655365
21,73,6.212679e-06,0.00051728304,0.015720153,0.027993564
22,73,9.8506025e-06,0.00067842734,0.017401632,0.029321654
23,73,1.5344316e-05,0.00088052155,0.019187117,0.03063698
24,73,2.348192e-05,0.0011309392,0.021072768,0.031936705
25,73,3.5303692e-05,0.0014374811,0.023053095,0.033217832
26,73,5.2144234e-05,0.0018081297,0.025120916,0.034477223
27,73,7.566485e-05,0.002250725,0.027267288,0.035711613
28,73,0.0001078654,0.0027725634,0.029481534,0.03691764
29,73,0.00015106749,0.0033799298,0.03175124,0.038091864
30,73,0.00020785474,0.0040775724,0.03406235,0.039230786
31,73,0.00028096366,0.004868154,0.036399223,0.040330887
32,73,0.00037311323,0.0057516987,0.03874482,0.041388642
33,73,0.00048677853,0.0067250864,0.041080847,0.04240055
34,73,0.0006239119,0.0077816225,0.043387998,0.043363165
35,73,0.00078562525,0.008910734,0.04564618,0.044273127
36,73,0.0009718706,0.010097838,0.047834802,0.045127172
37,73,0.0011811404,0.011324404,0.049933076,0.045922175
38,73,0.0014102494,0.012568251,0.05192034,0.04665516
39,73,0.0016542083,0.013804073,0.053776387,0.047323354
40,73,0.0019062759,0.015004204,0.05548183,0.047924176
41,73,0.0021581477,0.016139578,0.05701838,0.04845527
42,73,0.0024003682,0.017180877,0.058369245,0.048914537
43,73,0.0026228598,0.01809975,0.059519377,0.04930014
44,73,0.0028156103,0.018870099,0.060455777,0.04961053
45,73,0.0029694152,0.019469293,0.061167724,0.04984444
46,73,0.0030765878,0.019879287,0.06164701,0.05000091
47,73,0.0031316185,0.020087507,0.061888058,0.050079305
48,73,0.0031316185,0.020087507,0.061888054,0.050079305
49,73,0.0030765894,0.019879285,0.061647005,0.05000091
50,73,0.0029694121,0.019469291,0.06116772,0.049844436
51,73,0.0028156103,0.018870095,0.060455777,0.049610525
52,73,0.0026228598,0.018099748,0.059519373,0.04930014
53,73,0.0024003682,0.017180875,0.058369245,0.048914533
54,73,0.0021581477,0.016139576,0.05701838,0.048455264
55,73,0.0019062759,0.015004201,0.05548182,0.04792417
56,73,0.0016542091,0.013804072,0.053776387,0.047323354
57,73,0.0014102481,0.01256825,0.05192034,0.046655156
58,73,0.0011811404,0.011324404,0.049933076,0.04592217
59,73,0.0009718706,0.010097838,0.047834802,0.04512717
60,73,0.000785626,0.008910734,0.045646183,0.044273123
61,73,0.0006239113,0.0077816225,0.043388005,0.04336316
62,73,0.00048677853,0.006725087,0.041080855,0.042400546
63,73,0.00037311323,0.0057516987,0.038744822,0.04138864
64,73,0.0002809634,0.004868154,0.036399227,0.040330887
65,73,0.00020785474,0.004077573,0.034062356,0.039230786
66,73,0.00015106749,0.0033799303,0.03175125,0.038091864
67,73,0.000107865504,0.0027725638,0.029481541,0.03691764
68,73,7.5664786e-05,0.0022507252,0.027267296,0.035711616
69,73,5.2144234e-05,0.0018081298,0.025120923,0.034477223
70,73,3.5303692e-05,0.0014374814,0.023053102,0.033217832
71,73,2.3481942e-05,0.0011309395,0.021072775,0.031936705
72,73,1.5344316e-05,0.0008805217,0.019187124,0.030636981
73,73,9.8506025e-06,0.00067842746,0.017401638,0.029321657
74,73,6.212679e-06,0.0005172832,0.015720159,0.027993567
75,73,3.849404e-06,0.0003903137,0.014144984,0.026655369
76,73,2.343209e-06,0.00029144646,0.01267697,0.025309527
77,73,1.4012904e-06,0.00021535846,0.011315648,0.023958305
78,73,8.2327824e-07,0.00015747886,0.010059367,0.022603748
79,73,4.7518722e-07,0.000113956325,0.008905422,0.021247689
80,73,2.6945372e-07,8.160356e-05,0.0078502055,0.019891728
81,73,1.5010808e-07,5.7827303e-05,0.0068893353,0.018537238
82,73,8.215319e-08,4.0551622e-05,0.006017793,0.01718537
83,73,4.417174e-08,2.8140568e-05,0.005230049,0.015837044
84,73,2.3332788e-08,1.9324287e-05,0.004520174,0.014492961
85,73,1.2108448e-08,1.3131469e-05,0.0038819453,0.013153611
86,73,6.173206e-09,8.829713e-06,0.0033089372,0.011819279
87,73,3.0919576e-09,5.8743976e-06,0.002794594,0.010490059
88,73,1.5214526e-09,3.8659678e-06,0.0023322958,0.009165863
89,73,7.355019e-10,2.5150623e-06,0.0019154039,0.00784644
90,73,3.4930625e-10,1.6146223e-06,0.0015372975,0.0065313946
91,73,1.629797e-10,1.0179652e-06,0.0011913957,0.0052201995
92,73,7.470669e-11,6.2179646e-07,0.00087116874,0.0039122184
93,73,3.3642384e-11,3.5315017e-07,0.0005701407,0.0026067272
94,73,1.4883796e-11,1.5932939e-07,0.00028188253,0.0013029336
95,73,0.0,0.0,0.0,0.0
0,74,0.0,0.0,0.0,0.0
1,74,9.387057e-12,1.2107472e-07,0.0002545783,0.0012439118
2,74,2.1217864e-11,2.683858e-07,0.0005149165,0.002488645
3,74,4.7116828e-11,4.7261906e-07,0.00078679115,0.003734999
4,74,1.0278962e-10,7.738761e-07,0.0010760104,0.0049837306
5,74,2.2030511e-10,1.227697e-06,0.0013884254,0.006235531
6,74,4.638717e-10,1.9127274e-06,0.0017299348,0.007491008
7,74,9.595644e-10,2.9406724e-06,0.0021064847,0.008750664
8,74,1.9500621e-09,4.4692515e-06,0.0025240572,0.010014879
9,74,3.893377e-09,6.71892e-06,0.00298865,0.01128389
10,74,7.636673e-09,9.994144e-06,0.0035062453,0.012557783
11,74,1.47157495e-08,1.471002e-05,0.004082766,0.013836467
12,74,2.785866e-08,2.1424865e-05,0.004724019,0.015119669
13,74,5.1813075e-08,3.0879255e-05,0.005435628,0.016406925
14,74,9.467162e-08,4.4041568e-05,0.00622295,0.017697565
15,74,1.6994152e-07,6.21596e-05,0.007090983,0.018990707
16,74,2.9969567e-07,8.681696e-05,0.008044263,0.020285256
17,74,5.192331e-07,0.00011999233,0.00908675,0.021579899
18,74,8.837803e-07,0.00016411794,0.01022171,0.022873105
19,74,1.4778377e-06,0.00022213331,0.011451582,0.024163134
20,74,2.427784e-06,0.00029752776,0.012777863,0.025448024
21,74,3.918269e-06,0.00039436528,0.014200977,0.02672562
22,74,6.212679e-06,0.00051728304,0.015720153,0.027993564
23,74,9.677511e-06,0.0006714558,0.01733332,0.029249322
24,74,1.4809791e-05,0.00086251576,0.019036999,0.030490188
25,74,2.2265696e-05,0.0010964232,0.020826245,0.0317133
26,74,3.2886863e-05,0.0013792779,0.022694556,0.032915656
27,74,4.7721045e-05,0.0017170727,0.024633864,0.03409415
28,74,6.80296e-05,0.0021153868,0.026634516,0.035245568
29,74,9.527671e-05,0.0025790266,0.028685302,0.03636662
30,74,0.00013109196,0.0031116274,0.03077351,0.037453968
31,74,0.00017720072,0.0037152318,0.032885015,0.03850425
32,74,0.00023531879,0.0043898667,0.03500442,0.039514106
33,74,0.00030700635,0.0051331576,0.037115194,0.040480196
34,74,0.00039349482,0.005939997,0.039199892,0.04139923
35,74,0.0004954857,0.0068023168,0.041240357,0.042267986
36,74,0.0006129488,0.0077089807,0.043217976,0.04308336
37,74,0.00074493344,0.008645837,0.04511397,0.04384236
38,74,0.00088942976,0.009595941,0.04690966,0.04454216
39,74,0.0010432926,0.010539957,0.0485868,0.045180097
40,74,0.0012022685,0.011456747,0.05012785,0.04575371
41,74,0.0013611221,0.012324101,0.0515163,0.04626076
42,74,0.0015138875,0.013119613,0.05273696,0.046699233
43,74,0.0016542106,0.013821614,0.053776238,0.04706738
44,74,0.0017757764,0.014410158,0.054622386,0.047363713
45,74,0.0018727795,0.01486795,0.055265717,0.04758703
46,74,0.0019403732,0.015181192,0.055698812,0.047736418
47,74,0.0019750805,0.015340279,0.055916626,0.047811262
48,74,0.0019750805,0.015340278,0.055916626,0.047811262
49,74,0.0019403741,0.015181191,0.05569881,0.047736418
50,74,0.0018727785,0.014867948,0.055265717,0.047587026
51,74,0.0017757764,0.014410156,0.054622386,0.04736371
52,74,0.0016542106,0.013821613,0.053776238,0.047067378
53,74,0.0015138868,0.013119611,0.052736957,0.046699233
54,74,0.0013611221,0.012324101,0.0515163,0.046260756
55,74,0.0012022685,0.011456746,0.05012785,0.04575371
56,74,0.001043293,0.010539956,0.048586797,0.045180097
57,74,0.00088942895,0.00959594,0.04690966,0.044542156
58,74,0.00074493344,0.008645836,0.04511397,0.043842357
59,74,0.0006129488,0.0077089807,0.04321798,0.043083355
60,74,0.0004954862,0.0068023168,0.04124036,0.042267982
61,74,0.00039349464,0.0059399973,0.039199896,0.041399226
62,74,0.00030700635,0.005133157,0.0371152,0.040480193
63,74,0.00023531879,0.004389867,0.035004422,0.039514106
64,74,0.00017720072,0.0037152318,0.03288502,0.03850425
65,74,0.00013109196,0.003111628,0.030773511,0.037453968
66,74,9.527671e-05,0.0025790266,0.028685307,0.036366615
67,74,6.802966e-05,0.002115387,0.026634524,0.035245568
68,74,4.7720998e-05,0.0017170729,0.02463387,0.03409415
69,74,3.2886863e-05,0.0013792781,0.022694562,0.03291566
70,74,2.2265696e-05,0.0010964234,0.02082625,0.0317133
71,74,1.4809819e-05,0.00086251594,0.019037006,0.030490188
72,74,9.677511e-06,0.00067145587,0.017333325,0.029249324
73,74,6.212679e-06,0.00051728316,0.015720159,0.027993567
74,74,3.918269e-06,0.0003943653,0.014200982,0.026725624
75,74,2.4277795e-06,0.00029752782,0.012777869,0.025448028
76,74,1.4778377e-06,0.00022213334,0.011451587,0.024163136
77,74,8.837803e-07,0.00016411798,0.010221714,0.022873111
78,74,5.192331e-07,0.00011999234,0.009086755,0.021579903
79,74,2.996954e-07,8.681698e-05,0.008044268,0.02028526
80,74,1.6994152e-07,6.215961e-05,0.0070909867,0.018990712
81,74,9.467162e-08,4.4041582e-05,0.006222953,0.01769757
82,74,5.1813174e-08,3.0879262e-05,0.0054356307,0.016406931
83,74,2.785866e-08,2.142487e-05,0.004724021,0.015119676
84,74,1.47157495e-08,1.4710025e-05,0.0040827678,0.013836471
85,74,7.636673e-09,9.994147e-06,0.0035062472,0.012557788
86,74,3.8933696e-09,6.718921e-06,0.0029886516,0.011283895
87,74,1.9500621e-09,4.469253e-06,0.0025240583,0.010014883
88,74,9.595644e-10,2.940673e-06,0.0021064857,0.008750668
89,74,4.6387258e-10,1.9127278e-06,0.0017299358,0.0074910116
90,74,2.2030384e-10,1.2276973e-06,0.001388426,0.0062355343
91,74,1.0278962e-10,7.7387625e-07,0.0010760111,0.0049837334
92,74,4.7116828e-11,4.7261918e-07,0.00078679156,0.0037350014
93,74,2.1217906e-11,2.6838586e-07,0.0005149168,0.0024886467
94,74,9.387039e-12,1.2107475e-07,0.00025457845,0.0012439126
95,74,0.0,0.0,0.0,0.0
0,75,0.0,0.0,0.0,0.0
1,75,5.8162737e-12,9.103644e-08,0.0002290074,0.0011844424
2,75,1.3146684e-11,2.0182061e-07,0.00046319782,0.002369667
3,75,2.9193797e-11,3.5545335e-07,0.00070776924,0.0035564348
4,75,6.368891e-11,5.821316e-07,0.00096794835,0.004745467
5,75,1.3650203e-10,9.236892e-07,0.0012490001,0.0059374217
6,75,2.8741753e-10,1.4393786e-06,0.001556233,0.007132878
7,75,5.945516e-10,2.21338e-06,0.0018949978,0.008332313
8,75,1.2082718e-09,3.3645763e-06,0.002270678,0.009536091
9,75,2.4123585e-09,5.0591725e-06,0.0026886712,0.010744437
10,75,4.7317257e-09,7.526762e-06,0.0031543619,0.011957429
11,75,9.117945e-09,1.1080422e-05,0.0036730801,0.013174986
12,75,1.7261383e-08,1.6141334e-05,0.004250053,0.014396846
13,75,3.2103674e-08,2.3268281e-05,0.004890342,0.015622567
14,75,5.8659072e-08,3.3192067e-05,0.005598769,0.01685151
15,75,1.0529663e-07,4.6854526e-05,0.0063798344,0.018082837
16,75,1.8569314e-07,6.5451204e-05,0.0072376207,0.019315504
17,75,3.2171977e-07,9.047612e-05,0.008175693,0.020548262
18,75,5.475953e-07,0.00012376616,0.009196992,0.021779655
19,75,9.1567574e-07,0.00016754161,0.010303716,0.02300802
20,75,1.5042688e-06,0.0002244386,0.011497212,0.024231493
21,75,2.4277795e-06,0.00029752776,0.012777863,0.025448024
22,75,3.849404e-06,0.00039031368,0.014144979,0.026655365
23,75,5.996235e-06,0.0005067075,0.015596697,0.027851103
24,75,9.176239e-06,0.0006509675,0.017129889,0.02903266
25,75,1.3795925e-05,0.00082760013,0.0187401,0.030197311
26,75,2.0376867e-05,0.001041219,0.020421488,0.031342205
27,75,2.956823e-05,0.0012963574,0.022166787,0.032464374
28,75,4.2151525e-05,0.0015972372,0.02396731,0.033560757
29,75,5.9033988e-05,0.0019474974,0.02581297,0.034628227
30,75,8.1225175e-05,0.0023498922,0.027692327,0.035663612
31,75,0.00010979467,0.0028059718,0.029592669,0.036663704
32,75,0.00014580472,0.003315764,0.031500135,0.037625294
33,75,0.0001902227,0.0038774798,0.03339985,0.038545214
34,75,0.00024381162,0.004487265,0.035276107,0.039420325
35,75,0.00030700577,0.0051390245,0.03711256,0.040247563
36,75,0.00037978654,0.0058243433,0.03889247,0.04102397
37,75,0.00046156478,0.0065325242,0.04059892,0.041746702
38,75,0.00055109547,0.0072507565,0.042215113,0.042413056
39,75,0.0006464297,0.007964422,0.0437246,0.043020505
40,75,0.00074493204,0.008657534,0.04511161,0.04356671
41,75,0.0008433586,0.009313296,0.046361282,0.044049524
42,75,0.0009380133,0.0099147605,0.047459938,0.044467047
43,75,0.0010249577,0.01044554,0.04839534,0.0448176
44,75,0.0011002806,0.010890544,0.049156915,0.045099773
45,75,0.0011603842,0.011236692,0.049735952,0.045312416
46,75,0.0012022656,0.011473545,0.050125763,0.045454666
47,75,0.0012237704,0.011593836,0.050321806,0.045525935
48,75,0.0012237704,0.011593836,0.050321806,0.045525935
49,75,0.0012022662,0.011473544,0.050125763,0.045454662
50,75,0.0011603837,0.011236691,0.049735956,0.045312416
51,75,0.0011002806,0.010890543,0.04915692,0.04509977
52,75,0.0010249577,0.010445539,0.04839534,0.044817597
53,75,0.0009380133,0.00991476,0.047459934,0.044467047
54,75,0.0008433586,0.009313295,0.04636128,0.044049524
55,75,0.00074493204,0.008657533,0.045111608,0.043566704
56,75,0.00064643,0.007964421,0.043724597,0.043020505
57,75,0.00055109523,0.007250756,0.042215113,0.042413052
58,75,0.00046156478,0.0065325242,0.04059892,0.0417467
59,75,0.00037978654,0.0058243433,0.038892474,0.041023966
60,75,0.00030700577,0.005139025,0.037112564,0.04024756
61,75,0.00024381139,0.004487265,0.03527611,0.03942032
62,75,0.0001902227,0.00387748,0.033399854,0.038545214
63,75,0.00014580472,0.003315764,0.03150014,0.037625294
64,75,0.00010979457,0.0028059718,0.029592672,0.036663704
65,75,8.1225175e-05,0.0023498924,0.027692331,0.035663612
66,75,5.9033988e-05,0.0019474976,0.025812976,0.03462823
67,75,4.2151565e-05,0.0015972373,0.023967316,0.033560757
68,75,2.95682e-05,0.0012963575,0.022166792,0.032464378
69,75,2.0376867e-05,0.0010412191,0.020421494,0.03134221
70,75,1.3795925e-05,0.00082760025,0.018740106,0.030197313
71,75,9.176248e-06,0.0006509676,0.017129894,0.029032663
72,75,5.996235e-06,0.0005067076,0.015596702,0.027851105
73,75,3.849404e-06,0.00039031374,0.014144985,0.026655367
74,75,2.4277795e-06,0.00029752782,0.012777869,0.025448028
75,75,1.5042658e-06,0.00022443863,0.011497216,0.024231497
76,75,9.1567574e-07,0.00016754164,0.01030372,0.023008024
77,75,5.475953e-07,0.00012376618,0.009196996,0.02177966
78,75,3.2171977e-07,9.047613e-05,0.008175698,0.020548267
79,75,1.8569278e-07,6.545121e-05,0.0072376244,0.01931551
80,75,1.0529663e-07,4.6854537e-05,0.006379837,0.018082842
81,75,5.8659072e-08,3.3192075e-05,0.005598772,0.016851515
82,75,3.2103735e-08,2.3268289e-05,0.004890344,0.015622573
83,75,1.7261383e-08,1.6141339e-05,0.004250055,0.014396852
84,75,9.117945e-09,1.1080426e-05,0.003673082,0.013174991
85,75,4.7317257e-09,7.526764e-06,0.0031543633,0.011957434
86,75,2.4123539e-09,5.0591734e-06,0.0026886726,0.01074444
87,75,1.2082718e-09,3.3645767e-06,0.002270679,0.009536095
88,75,5.945516e-10,2.2133806e-06,0.0018949987,0.008332318
89,75,2.874181e-10,1.439379e-06,0.0015562339,0.0071328813
90,75,1.3650177e-10,9.236894e-07,0.0012490009,0.005937425
91,75,6.368891e-11,5.8213175e-07,0.00096794893,0.00474547
92,75,2.9193797e-11,3.5545347e-07,0.0007077697,0.0035564369
93,75,1.3146735e-11,2.0182067e-07,0.0004631981,0.0023696683
94,75,5.8162624e-12,9.103646e-08,0.00022900756,0.001184443
95,75,0.0,0.0,0.0,0.0
0,76,0.0,0.0,0.0,0.0
1,76,3.5404817e-12,6.7729864e-08,0.00020518292,0.0011246338
2,76,8.002664e-12,1.5016764e-07,0.00041501116,0.0022500104
3,76,1.777088e-11,2.6452162e-07,0.00063414354,0.003376853
4,76,3.8768707e-11,4.3329234e-07,0.00086726464,0.0045058453
5,76,8.3091506e-11,6.8766e-07,0.0011190934,0.005637613
6,76,1.7495644e-10,1.0717994e-06,0.0013943878,0.0067727054
7,76,3.619147e-10,1.648485e-06,0.001697944,0.007911578
8,76,7.354977e-10,2.5063905e-06,0.0020345873,0.009054572
9,76,1.4684479e-09,3.7695152e-06,0.0024091566,0.010201906
10,76,2.8802958e-09,5.609186e-06,0.0028264776,0.011353652
11,76,5.5502745e-09,8.259073e-06,0.0032913296,0.012509733
12,76,1.05073275e-08,1.20336035e-05,0.0038083983,0.013669901
13,76,1.9542108e-08,1.7350003e-05,0.004382221,0.014833734
14,76,3.570688e-08,2.475405e-05,0.0050171213,0.016000628
15,76,6.4096156e-08,3.4949262e-05,0.0057171336,0.017169787
16,76,1.1303501e-07,4.8828835e-05,0.00648592,0.018340219
17,76,1.9583686e-07,6.750916e-05,0.007326676,0.01951074
18,76,3.3333183e-07,9.236307e-05,0.00824204,0.020679964
19,76,5.5739e-07,0.00012505028,0.009233982,0.021846315
20,76,9.1567836e-07,0.00016754161,0.010303716,0.02300802
21,76,1.4778377e-06,0.00022213331,0.011451582,0.024163133
22,76,2.343209e-06,0.0002914464,0.012676965,0.025309524
23,76,3.6500278e-06,0.00037840664,0.013978195,0.026444897
24,76,5.585754e-06,0.00048619995,0.015352474,0.027566805
25,76,8.397854e-06,0.0006181988,0.016795805,0.028672663
26,76,1.2403805e-05,0.00077785633,0.018302953,0.029759761
27,76,1.799877e-05,0.0009685667,0.019867407,0.03082528
28,76,2.5658423e-05,0.0011934916,0.02148138,0.031866316
29,76,3.5935132e-05,0.001455358,0.02313583,0.032879908
30,76,4.944338e-05,0.0017562307,0.0248205,0.033863027
31,76,6.683414e-05,0.0020972749,0.026523996,0.03481263
32,76,8.8754234e-05,0.0024785164,0.028233895,0.035725687
33,76,0.00011579234,0.0028986228,0.029936858,0.03659917
34,76,0.00014841284,0.003354714,0.031618804,0.037430104
35,76,0.00018688035,0.0038422344,0.033265088,0.038215585
36,76,0.00023118341,0.0043548904,0.034860685,0.0389528
37,76,0.0002809634,0.0048846807,0.03639044,0.039639052
38,76,0.00033546262,0.00542202,0.037839286,0.040271774
39,76,0.00039349444,0.0059559685,0.039192494,0.04084856
40,76,0.00045345476,0.006474562,0.040435903,0.04136719
41,76,0.0005133689,0.0069652298,0.041556194,0.04182564
42,76,0.0005709868,0.007415285,0.042541113,0.042222086
43,76,0.0006239119,0.00781246,0.04337968,0.042554945
44,76,0.0006697624,0.008145459,0.044062417,0.042822875
45,76,0.0007063486,0.008404488,0.04458151,0.043024786
46,76,0.0007318427,0.008581731,0.04493097,0.043159854
47,76,0.0007449331,0.008671749,0.045106724,0.043227527
48,76,0.0007449331,0.008671749,0.045106724,0.043227527
49,76,0.00073184306,0.008581731,0.04493097,0.043159854
50,76,0.00070634834,0.008404487,0.044581514,0.043024782
51,76,0.0006697624,0.008145458,0.04406242,0.042822875
52,76,0.0006239119,0.007812459,0.04337968,0.04255494
53,76,0.00057098654,0.0074152844,0.04254111,0.042222086
54,76,0.0005133689,0.006965229,0.04155619,0.041825637
55,76,0.00045345476,0.0064745615,0.0404359,0.04136719
56,76,0.00039349464,0.005955968,0.039192487,0.040848557
57,76,0.0003354623,0.0054220194,0.037839286,0.04027177
58,76,0.0002809634,0.004884681,0.03639044,0.03963905
59,76,0.00023118341,0.004354891,0.03486068,0.038952798
60,76,0.00018688053,0.0038422344,0.033265088,0.03821558
61,76,0.00014841271,0.003354714,0.031618807,0.037430104
62,76,0.00011579234,0.0028986225,0.029936863,0.036599167
63,76,8.8754234e-05,0.0024785167,0.028233899,0.035725687
64,76,6.683408e-05,0.0020972749,0.026524002,0.03481263
65,76,4.944338e-05,0.0017562308,0.024820505,0.033863027
66,76,3.5935132e-05,0.001455358,0.023135833,0.032879908
67,76,2.5658472e-05,0.0011934917,0.021481385,0.03186632
68,76,1.7998736e-05,0.0009685668,0.01986741,0.030825282
69,76,1.2403805e-05,0.00077785645,0.018302958,0.029759763
70,76,8.397854e-06,0.00061819894,0.01679581,0.028672665
71,76,5.5857595e-06,0.00048620004,0.015352479,0.027566807
72,76,3.6500278e-06,0.0003784067,0.013978201,0.026444899
73,76,2.343209e-06,0.00029144643,0.01267697,0.025309525
74,76,1.4778377e-06,0.00022213334,0.011451587,0.024163136
75,76,9.1567574e-07,0.00016754164,0.010303721,0.023008024
76,76,5.5739e-07,0.0001250503,0.009233987,0.021846319
77,76,3.3333183e-07,9.2363094e-05,0.008242044,0.020679967
78,76,1.9583686e-07,6.7509165e-05,0.00732668,0.019510744
79,76,1.130349e-07,4.8828842e-05,0.0064859227,0.018340224
80,76,6.4096156e-08,3.4949273e-05,0.0057171364,0.017169792
81,76,3.570688e-08,2.4754056e-05,0.0050171237,0.016000632
82,76,1.9542183e-08,1.7350008e-05,0.004382223,0.014833739
83,76,1.05073275e-08,1.2033606e-05,0.0038084001,0.013669905
84,76,5.5502745e-09,8.259076e-06,0.0032913312,0.012509737
85,76,2.8802958e-09,5.6091876e-06,0.002826479,0.011353656
86,76,1.4684479e-09,3.769516e-06,0.0024091578,0.010201909
87,76,7.354977e-10,2.5063914e-06,0.0020345885,0.009054576
88,76,3.619147e-10,1.6484853e-06,0.001697945,0.007911581
89,76,1.749571e-10,1.0717996e-06,0.0013943886,0.0067727086
90,76,8.309119e-11,6.876602e-07,0.0011190941,0.005637616
91,76,3.8768707e-11,4.3329243e-07,0.00086726516,0.0045058476
92,76,1.777088e-11,2.645217e-07,0.00063414394,0.0033768546
93,76,8.002679e-12,1.5016766e-07,0.00041501143,0.0022500115
94,76,3.5404748e-12,6.772988e-08,0.00020518305,0.0011246345
95,76,0.0,0.0,0.0,0.0
0,77,0.0,0.0,0.0,0.0
1,77,2.1172899e-12,4.9859402e-08,0.00018309653,0.0010645868
2,77,4.785778e-12,1.1055813e-07,0.00037033978,0.0021298768
3,77,1.06273575e-11,1.9478064e-07,0.00056588853,0.0031965547
4,77,2.3184583e-11,3.1911688e-07,0.0007739245,0.004265268
5,77,4.9690547e-11,5.065634e-07,0.0009986603,0.0053366087
6,77,1.04628e-10,7.8970936e-07,0.0012443435,0.0064110965
7,77,2.1643336e-10,1.2148778e-06,0.0015152558,0.007489163
8,77,4.3984463e-10,1.847519e-06,0.001815705,0.008571133
9,77,8.781658e-10,2.7791782e-06,0.002150011,0.009657211
10,77,1.7224803e-09,4.1363696e-06,0.0025224828,0.010747465
11,77,3.3191863e-09,6.091683e-06,0.0029373867,0.011841824
12,77,6.283625e-09,8.877399e-06,0.0033989074,0.012940054
13,77,1.1686633e-08,1.280181e-05,0.0039110966,0.014041753
14,77,2.135354e-08,1.8268276e-05,0.004477814,0.01514635
15,77,3.833091e-08,2.5796837e-05,0.0051026638,0.016253091
16,77,6.759748e-08,3.6047866e-05,0.005788915,0.017361041
17,77,1.1711497e-07,4.9846934e-05,0.006539423,0.018469071
18,77,1.9933977e-07,6.820941e-05,0.0073565436,0.019575877
19,77,3.3333183e-07,9.236307e-05,0.00824204,0.020679964
20,77,5.475958e-07,0.00012376616,0.009196992,0.021779656
21,77,8.837803e-07,0.00016411796,0.01022171,0.022873107
22,77,1.4012904e-06,0.00021535845,0.011315644,0.023958301
23,77,2.1827948e-06,0.0002796536,0.012477305,0.025033068
24,77,3.3404037e-06,0.00035936254,0.013704193,0.026095089
25,77,5.0221015e-06,0.0004569828,0.0149927465,0.027141916
26,77,7.417755e-06,0.0005750724,0.016338289,0.028170986
27,77,1.0763661e-05,0.00071614643,0.017735006,0.029179629
28,77,1.534433e-05,0.0008825484,0.019175952,0.0301651
29,77,2.149004e-05,0.0010763003,0.020653049,0.031124584
30,77,2.9568257e-05,0.0012989347,0.022157142,0.032055225
31,77,3.9968287e-05,0.0015513181,0.023678057,0.032954145
32,77,5.3076983e-05,0.0018334743,0.025204701,0.033818465
33,77,6.924644e-05,0.0021444196,0.026725167,0.034645326
34,77,8.8754234e-05,0.0024820263,0.028226878,0.03543191
35,77,0.000111758665,0.0028429236,0.029696757,0.036175467
36,77,0.0001382529,0.0032224536,0.031121392,0.036873333
37,77,0.00016802245,0.0036146927,0.03248725,0.037522957
38,77,0.00020061422,0.0040125432,0.033780873,0.03812191
39,77,0.00023531856,0.0044079036,0.034989107,0.03866791
40,77,0.00027117616,0.0047919117,0.036099315,0.039158862
41,77,0.00030700606,0.0051552565,0.037099596,0.03959284
42,77,0.00034146302,0.0054885386,0.03797901,0.039968126
43,77,0.00037311323,0.00578267,0.038727753,0.04028322
44,77,0.00040053303,0.0060292804,0.03933736,0.04053685
45,77,0.00042241244,0.006221114,0.03980085,0.040727984
46,77,0.00043765825,0.0063523813,0.040112875,0.040855844
47,77,0.0004454866,0.006419049,0.040269803,0.040919907
48,77,0.0004454866,0.006419049,0.040269803,0.040919907
49,77,0.00043765845,0.0063523813,0.040112875,0.040855844
50,77,0.00042241203,0.0062211137,0.03980085,0.04072798
51,77,0.00040053303,0.00602928,0.03933736,0.040536847
52,77,0.00037311323,0.005782669,0.038727753,0.040283218
53,77,0.0003414627,0.005488538,0.03797901,0.03996812
54,77,0.00030700606,0.005155256,0.037099596,0.03959284
55,77,0.00027117616,0.004791911,0.036099315,0.039158862
56,77,0.00023531856,0.004407903,0.034989104,0.03866791
57,77,0.00020061403,0.004012543,0.033780873,0.038121905
58,77,0.00016802245,0.0036146925,0.03248725,0.037522953
59,77,0.0001382529,0.0032224536,0.031121392,0.03687333
60,77,0.000111758774,0.0028429236,0.029696757,0.036175467
61,77,8.875415e-05,0.0024820263,0.02822688,0.03543191
62,77,6.924644e-05,0.0021444196,0.026725171,0.034645326
63,77,5.3076983e-05,0.0018334743,0.025204707,0.033818465
64,77,3.9968287e-05,0.0015513182,0.02367806,0.032954145
65,77,2.9568257e-05,0.0012989347,0.022157148,0.032055225
66,77,2.149004e-05,0.0010763003,0.020653054,0.031124584
67,77,1.534433e-05,0.00088254845,0.019175958,0.0301651
68,77,1.0763661e-05,0.00071614655,0.017735012,0.029179629
69,77,7.417755e-06,0.00057507254,0.016338293,0.028170988
70,77,5.0221015e-06,0.00045698287,0.014992752,0.027141917
71,77,3.34041e-06,0.00035936257,0.013704198,0.02609509
72,77,2.1827948e-06,0.00027965364,0.012477309,0.02503307
73,77,1.4012904e-06,0.00021535846,0.011315648,0.023958305
74,77,8.837803e-07,0.00016411797,0.010221715,0.022873111
75,77,5.475953e-07,0.00012376619,0.009196997,0.02177966
76,77,3.3333183e-07,9.2363094e-05,0.008242044,0.020679967
77,77,1.9933977e-07,6.8209425e-05,0.0073565473,0.019575883
78,77,1.1711497e-07,4.984694e-05,0.0065394263,0.018469075
79,77,6.7597355e-08,3.6047877e-05,0.005788917,0.017361045
80,77,3.833091e-08,2.579684e-05,0.0051026656,0.016253097
81,77,2.135354e-08,1.826828e-05,0.004477816,0.015146354
82,77,1.1686655e-08,1.2801813e-05,0.003911098,0.014041757
83,77,6.283625e-09,8.877401e-06,0.0033989092,0.012940058
84,77,3.3191863e-09,6.0916846e-06,0.0029373884,0.011841828
85,77,1.7224803e-09,4.1363705e-06,0.002522484,0.010747469
86,77,8.781658e-10,2.7791789e-06,0.0021500122,0.009657213
87,77,4.3984463e-10,1.8475193e-06,0.0018157059,0.008571137
88,77,2.1643336e-10,1.2148781e-06,0.0015152566,0.0074891667
89,77,1.04628e-10,7.8970953e-07,0.0012443443,0.0064110993
90,77,4.9690453e-11,5.0656354e-07,0.0009986609,0.005336611
91,77,2.3184583e-11,3.1911696e-07,0.0007739249,0.0042652697
92,77,1.06273575e-11,1.9478068e-07,0.0005658888,0.0031965564
93,77,4.785778e-12,1.1055816e-07,0.00037034,0.002129878
94,77,2.117278e-12,4.9859413e-08,0.00018309665,0.0010645874
95,77,0.0,0.0,0.0,0.0
0,78,0.0,0.0,0.0,0.0
1,78,1.2439358e-12,3.6317395e-08,0.00016272068,0.0010043923
2,78,2.8117027e-12,8.053923e-08,0.00032912786,0.0020094484
3,78,6.2437247e-12,1.4191727e-07,0.0005029189,0.0030158134
4,78,1.3621249e-11,2.3255537e-07,0.0006878115,0.0040240996
5,78,2.919391e-11,3.692366e-07,0.000887551,0.0050348644
6,78,6.1470336e-11,5.757517e-07,0.0011059137,0.0060485997
7,78,1.2715747e-10,8.8592617e-07,0.0013467063,0.007065711
8,78,2.5841504e-10,1.3475648e-06,0.0016137593,0.008086505
9,78,5.15935e-10,2.0275472e-06,0.0019109137,0.009111175
10,78,1.0119818e-09,3.0183223e-06,0.0022420005,0.0101397885
11,78,1.9500694e-09,4.4460353e-06,0.0026108148,0.011172274
12,78,3.6917198e-09,6.4804976e-06,0.003021076,0.012208411
13,78,6.8660646e-09,9.347137e-06,0.0034763883,0.013247823
14,78,1.2545486e-08,1.3340957e-05,0.003980185,0.01428997
15,78,2.251996e-08,1.8842376e-05,0.0045356695,0.01533414
16,78,3.9714493e-08,2.6334568e-05,0.005145752,0.016379451
17,78,6.880673e-08,3.6421683e-05,0.005812972,0.017424839
18,78,1.1711497e-07,4.9846934e-05,0.0065394235,0.018469073
19,78,1.9583686e-07,6.750916e-05,0.0073266765,0.01951074
20,78,3.2172008e-07,9.047612e-05,0.008175694,0.020548264
21,78,5.192331e-07,0.00011999232,0.009086752,0.0215799
22,78,8.2327824e-07,0.00015747885,0.010059362,0.022603745
23,78,1.2824232e-06,0.00020452258,0.011092202,0.023617754
24,78,1.9625352e-06,0.00026285223,0.0121830525,0.024619738
25,78,2.9505568e-06,0.0003342985,0.013328744,0.02560739
26,78,4.3580294e-06,0.00042073667,0.014525121,0.026578287
27,78,6.323805e-06,0.00052401115,0.015767016,0.027529914
28,78,9.015006e-06,0.000645841,0.017048249,0.028459677
29,78,1.2625683e-05,0.00078771025,0.01836164,0.029364923
30,78,1.7371758e-05,0.0009507448,0.01969905,0.030242959
31,78,2.3481942e-05,0.0011355826,0.021051431,0.031091066
32,78,3.118346e-05,0.0013422437,0.022408916,0.03190653
33,78,4.0683273e-05,0.001570011,0.023760919,0.03268665
34,78,5.2144336e-05,0.0018173275,0.025096258,0.03342877
35,78,6.5659755e-05,0.0020817257,0.026403299,0.0341303
36,78,8.122548e-05,0.002359794,0.027670117,0.034788724
37,78,9.871551e-05,0.0026471918,0.028884675,0.035401624
38,78,0.00011786362,0.0029387183,0.03003501,0.035966717
39,78,0.0001382529,0.0032284358,0.031109417,0.03648186
40,78,0.00015931974,0.0035098474,0.03209666,0.03694506
41,78,0.00018037029,0.0037761277,0.03298616,0.03735451
42,78,0.00020061422,0.004020385,0.033768177,0.037708584
43,78,0.00021920927,0.0042359564,0.034434,0.038005866
44,78,0.00023531879,0.0044167032,0.03497609,0.03824516
45,78,0.00024817314,0.0045573055,0.035388254,0.03842549
46,78,0.00025713036,0.0046535176,0.035665724,0.038546123
47,78,0.00026172964,0.0047023827,0.035805274,0.038606565
48,78,0.00026172964,0.0047023827,0.035805274,0.038606565
49,78,0.00025713062,0.004653518,0.035665724,0.038546123
50,78,0.00024817314,0.0045573055,0.035388254,0.038425487
51,78,0.00023531879,0.004416703,0.03497609,0.038245156
52,78,0.00021920927,0.004235956,0.034434,0.038005862
53,78,0.00020061422,0.0040203845,0.033768177,0.03770858
54,78,0.00018037029,0.0037761272,0.03298616,0.037354507
55,78,0.00015931974,0.0035098472,0.03209666,0.03694506
56,78,0.00013825303,0.0032284353,0.031109417,0.03648186
57,78,0.00011786351,0.002938718,0.030035008,0.035966717
58,78,9.871551e-05,0.0026471918,0.028884675,0.03540162
59,78,8.122548e-05,0.002359794,0.027670117,0.03478872
60,78,6.565982e-05,0.0020817257,0.026403299,0.0341303
61,78,5.2144285e-05,0.0018173276,0.02509626,0.03342877
62,78,4.0683273e-05,0.001570011,0.02376092,0.03268665
63,78,3.118346e-05,0.0013422437,0.022408918,0.03190653
64,78,2.348192e-05,0.0011355827,0.021051433,0.031091068
65,78,1.7371758e-05,0.0009507449,0.019699054,0.030242959
66,78,1.2625683e-05,0.00078771036,0.018361643,0.029364925
67,78,9.015014e-06,0.00064584106,0.017048255,0.028459677
68,78,6.3237926e-06,0.0005240112,0.015767021,0.027529914
69,78,4.3580294e-06,0.00042073676,0.014525126,0.026578289
70,78,2.9505568e-06,0.00033429853,0.013328749,0.025607392
71,78,1.9625388e-06,0.00026285226,0.012183058,0.024619741
72,78,1.2824232e-06,0.0002045226,0.011092207,0.023617757
73,78,8.2327824e-07,0.00015747886,0.010059367,0.022603748
74,78,5.192331e-07,0.000119992335,0.009086755,0.021579904
75,78,3.2171977e-07,9.047613e-05,0.008175698,0.020548267
76,78,1.9583686e-07,6.7509165e-05,0.0073266802,0.019510744
77,78,1.1711497e-07,4.984694e-05,0.0065394263,0.018469077
78,78,6.880673e-08,3.642169e-05,0.005812974,0.017424842
79,78,3.9714415e-08,2.633457e-05,0.005145754,0.016379453
80,78,2.251996e-08,1.8842378e-05,0.004535672,0.015334143
81,78,1.2545486e-08,1.33409585e-05,0.0039801863,0.014289973
82,78,6.866078e-09,9.347138e-06,0.00347639,0.013247826
83,78,3.6917198e-09,6.480499e-06,0.0030210777,0.012208415
84,78,1.9500694e-09,4.446036e-06,0.002610816,0.011172278
85,78,1.0119818e-09,3.018323e-06,0.002242002,0.010139792
86,78,5.15934e-10,2.0275475e-06,0.0019109147,0.00911118
87,78,2.5841504e-10,1.347565e-06,0.0016137601,0.008086509
88,78,1.2715747e-10,8.859264e-07,0.0013467071,0.0070657143
89,78,6.147057e-11,5.7575176e-07,0.0011059144,0.006048603
90,78,2.9193797e-11,3.692367e-07,0.00088755146,0.005034867
91,78,1.3621249e-11,2.3255541e-07,0.00068781193,0.0040241014
92,78,6.2437247e-12,1.419173e-07,0.00050291925,0.0030158153
93,78,2.811708e-12,8.053925e-08,0.0003291281,0.0020094495
94,78,1.2439335e-12,3.6317402e-08,0.00016272078,0.0010043929
95,78,0.0,0.0,0.0,0.0
0,79,0.0,0.0,0.0,0.0
1,79,7.179862e-13,2.6174707e-08,0.00014401074,0.0009441317
2,79,1.6228841e-12,5.8053107e-08,0.00029128528,0.0018888873
3,79,3.6038097e-12,1.0231241e-07,0.00044509702,0.0028348737
4,79,7.862022e-12,1.6769089e-07,0.00060873746,0.003782666
5,79,1.6850374e-11,2.663087e-07,0.00078552245,0.004732789
6,79,3.5480008e-11,4.1535176e-07,0.0009787958,0.005685704
7,79,7.33939e-11,6.392616e-07,0.0011919278,0.0066417926
8,79,1.4915405e-10,9.725898e-07,0.0014283102,0.007601344
9,79,2.977915e-10,1.4636863e-06,0.0016913438,0.00856454
10,79,5.8410266e-10,2.179402e-06,0.0019844216,0.009531442
11,79,1.1255566e-09,3.2109751e-06,0.002310903,0.0105019845
12,79,2.1308164e-09,4.681255e-06,0.0026740837,0.011475961
13,79,3.96301e-09,6.753361e-06,0.003077154,0.012453016
14,79,7.241104e-09,9.640805e-06,0.0035231553,0.013432643
15,79,1.29982505e-08,1.3618975e-05,0.0040149256,0.014414173
16,79,2.2922729e-08,1.903772e-05,0.004555041,0.015396775
17,79,3.9714415e-08,2.6334568e-05,0.0051457523,0.016379451
18,79,6.7597355e-08,3.604787e-05,0.005788915,0.017361041
19,79,1.130349e-07,4.882883e-05,0.00648592,0.01834022
20,79,1.8569314e-07,6.54512e-05,0.007237621,0.019315505
21,79,2.996954e-07,8.6816966e-05,0.008044264,0.020285258
22,79,4.7518722e-07,0.000113956296,0.008905418,0.021247687
23,79,7.4020073e-07,0.00014801984,0.009819913,0.022200868
24,79,1.1327517e-06,0.00019026126,0.0107857855,0.023142748
25,79,1.7030292e-06,0.00024200851,0.011800229,0.024071157
26,79,2.515407e-06,0.00030462226,0.012859563,0.024983816
27,79,3.6500278e-06,0.00037944101,0.013959216,0.025878359
28,79,5.203358e-06,0.00046771293,0.015093714,0.026752353
29,79,7.2873922e-06,0.000570516,0.0162567,0.0276033
30,79,1.002679e-05,0.00068866863,0.017440965,0.02842867
31,79,1.3553495e-05,0.0008226357,0.0186385,0.029225904
32,79,1.7998753e-05,0.00097243435,0.019840566,0.029992456
33,79,2.3481896e-05,0.0011375465,0.021037785,0.030725786
34,79,3.0097113e-05,0.0013168452,0.022220261,0.031423394
35,79,3.789806e-05,0.0015085423,0.023377685,0.03208285
36,79,4.688242e-05,0.0017101654,0.024499496,0.032701775
37,79,5.697746e-05,0.0019185671,0.025575042,0.033277914
38,79,6.8029534e-05,0.0021299755,0.026593715,0.033809114
39,79,7.979799e-05,0.002340083,0.02754516,0.03429336
40,79,9.195753e-05,0.0025441777,0.02841942,0.034728777
41,79,0.00010410767,0.002737306,0.029207122,0.03511367
42,79,0.00011579223,0.0029144685,0.029899647,0.035446502
43,79,0.00012652508,0.0030708292,0.030489273,0.03572596
44,79,0.00013582331,0.0032019345,0.030969335,0.0359509
45,79,0.00014324268,0.0033039227,0.031334337,0.036120415
46,79,0.00014841271,0.003373713,0.031580053,0.036233813
47,79,0.00015106735,0.003409159,0.031703632,0.03629063
48,79,0.00015106735,0.0034091587,0.031703632,0.03629063
49,79,0.00014841271,0.003373713,0.031580053,0.036233813
50,79,0.00014324255,0.0033039227,0.031334333,0.036120415
51,79,0.00013582331,0.0032019343,0.030969335,0.0359509
52,79,0.00012652508,0.0030708287,0.030489273,0.035725955
53,79,0.00011579223,0.002914468,0.029899646,0.035446506
54,79,0.00010410767,0.0027373058,0.029207122,0.035113666
55,79,9.195753e-05,0.0025441775,0.028419418,0.034728777
56,79,7.979799e-05,0.0023400828,0.027545158,0.034293357
57,79,6.802947e-05,0.0021299752,0.026593713,0.033809114
58,79,5.697746e-05,0.0019185671,0.02557504,0.033277914
59,79,4.688242e-05,0.0017101654,0.024499496,0.032701775
60,79,3.789806e-05,0.0015085425,0.023377685,0.032082845
61,79,3.0097113e-05,0.0013168452,0.022220261,0.031423397
62,79,2.3481896e-05,0.0011375465,0.021037789,0.030725785
63,79,1.7998753e-05,0.00097243447,0.019840566,0.029992457
64,79,1.3553495e-05,0.00082263583,0.018638501,0.029225906
65,79,1.002679e-05,0.0006886687,0.017440967,0.02842867
66,79,7.2873922e-06,0.00057051604,0.016256703,0.027603302
67,79,5.203363e-06,0.000467713,0.015093717,0.026752355
68,79,3.6500173e-06,0.00037944104,0.01395922,0.02587836
69,79,2.515407e-06,0.00030462228,0.012859568,0.024983818
70,79,1.7030292e-06,0.00024200852,0.011800233,0.024071159
71,79,1.1327538e-06,0.00019026127,0.010785789,0.023142753
72,79,7.4020073e-07,0.00014801986,0.009819917,0.022200871
73,79,4.7518722e-07,0.00011395632,0.008905422,0.02124769
74,79,2.996954e-07,8.681698e-05,0.008044268,0.020285262
75,79,1.8569278e-07,6.545121e-05,0.0072376244,0.019315511
76,79,1.130349e-07,4.882884e-05,0.0064859227,0.018340226
77,79,6.7597355e-08,3.6047877e-05,0.005788917,0.017361045
78,79,3.9714415e-08,2.6334572e-05,0.005145754,0.016379453
79,79,2.2922729e-08,1.903772e-05,0.004555043,0.015396777
80,79,1.29982505e-08,1.3618976e-05,0.004014927,0.014414175
81,79,7.241104e-09,9.640807e-06,0.0035231567,0.013432647
82,79,3.9630175e-09,6.753362e-06,0.0030771554,0.01245302
83,79,2.1308164e-09,4.6812556e-06,0.002674085,0.0114759635
84,79,1.1255566e-09,3.210976e-06,0.0023109042,0.010501988
85,79,5.8410266e-10,2.1794026e-06,0.0019844226,0.009531446
86,79,2.977915e-10,1.4636865e-06,0.0016913447,0.008564544
87,79,1.4915405e-10,9.7259e-07,0.001428311,0.0076013478
88,79,7.33939e-11,6.392617e-07,0.0011919285,0.006641796
89,79,3.5480074e-11,4.1535182e-07,0.0009787964,0.005685706
90,79,1.685031e-11,2.6630875e-07,0.000785523,0.004732791
91,79,7.862022e-12,1.6769093e-07,0.0006087378,0.0037826677
92,79,3.6038097e-12,1.02312434e-07,0.0004450973,0.0028348754
93,79,1.6228872e-12,5.805312e-08,0.00029128545,0.0018888883
94,79,7.1798345e-13,2.6174714e-08,0.00014401082,0.0009441322
95,79,0.0,0.0,0.0,0.0
0,80,0.0,0.0,0.0,0.0
1,80,4.071315e-13,1.8665824e-08,0.00012690735,0.0008838761
2,80,9.202524e-13,4.14041e-08,0.00025669194,0.0017683364
3,80,2.0435314e-12,7.298334e-08,0.00039223948,0.0026539492
4,80,4.458148e-12,1.1964589e-07,0.0005364517,0.0035412526
5,80,9.55498e-12,1.9005283e-07,0.0006922518,0.0044307383
6,80,2.0118848e-11,2.9648893e-07,0.00086258753,0.0053228377
7,80,4.1617827e-11,4.564304e-07,0.0010504307,0.0062179095
8,80,8.457727e-11,6.945888e-07,0.0012587712,0.0071162228
9,80,1.6886159e-10,1.0455533e-06,0.0014906079,0.008017948
10,80,3.3121458e-10,1.5571601e-06,0.0017489322,0.008923144
11,80,6.382453e-10,2.294712e-06,0.0020367065,0.00983175
12,80,1.208274e-09,3.3461567e-06,0.0023568366,0.010743569
13,80,2.2472149e-09,4.828299e-06,0.0027121361,0.011658272
14,80,4.1060577e-09,6.894062e-06,0.0031052872,0.012575382
15,80,7.370639e-09,9.740727e-06,0.003538793,0.0134942755
16,80,1.2998275e-08,1.3618975e-05,0.0040149256,0.014414174
17,80,2.251996e-08,1.8842376e-05,0.0045356704,0.0153341405
18,80,3.833091e-08,2.5796837e-05,0.0051026638,0.016253093
19,80,6.4096156e-08,3.4949266e-05,0.005717134,0.01716979
20,80,1.0529683e-07,4.6854526e-05,0.006379835,0.01808284
21,80,1.6994152e-07,6.21596e-05,0.0070909834,0.01899071
22,80,2.6945372e-07,8.160354e-05,0.007850202,0.019891726
23,80,4.1972896e-07,0.00010601203,0.008656459,0.020784084
24,80,6.42324e-07,0.00013628483,0.009508025,0.021665864
25,80,9.656984e-07,0.00017337526,0.010402424,0.022535032
26,80,1.4263552e-06,0.0002182604,0.011336416,0.023389453
27,80,2.069739e-06,0.00027190163,0.012305967,0.024226919
28,80,2.950551e-06,0.0003351958,0.013306252,0.025045145
29,80,4.1322974e-06,0.00040891784,0.014331666,0.025841795
30,80,5.6856657e-06,0.00049365667,0.015375854,0.0266145
31,80,7.685475e-06,0.0005897476,0.016431753,0.027360868
32,80,1.0206148e-05,0.00069720467,0.017491655,0.02807851
33,80,1.3315351e-05,0.00081565755,0.018547295,0.028765047
34,80,1.7066492e-05,0.00094429904,0.01958994,0.029418148
35,80,2.149e-05,0.0010818472,0.020610508,0.03003552
36,80,2.6584532e-05,0.0012265282,0.021599678,0.03061496
37,80,3.2308955e-05,0.0013760837,0.022548059,0.03115434
38,80,3.8575938e-05,0.0015278062,0.0234463,0.03165165
39,80,4.524925e-05,0.0016786038,0.024285262,0.032104995
40,80,5.2144285e-05,0.0018250931,0.025056168,0.032512635
41,80,5.9033988e-05,0.0019637179,0.025750754,0.032872964
42,80,6.56597e-05,0.002090887,0.026361415,0.03318457
43,80,7.174573e-05,0.0022031283,0.026881345,0.03344619
44,80,7.701827e-05,0.0022972429,0.027304659,0.03365678
45,80,8.12254e-05,0.002370457,0.027626513,0.033815477
46,80,8.415705e-05,0.002420558,0.027843188,0.03392164
47,80,8.566236e-05,0.0024460042,0.027952163,0.033974838
48,80,8.566236e-05,0.0024460042,0.027952163,0.033974838
49,80,8.415705e-05,0.002420558,0.027843187,0.033921644
50,80,8.122533e-05,0.002370457,0.027626514,0.03381548
51,80,7.701827e-05,0.0022972426,0.027304659,0.03365678
52,80,7.174573e-05,0.0022031278,0.026881345,0.03344619
53,80,6.56597e-05,0.0020908867,0.026361415,0.03318457
54,80,5.9033988e-05,0.0019637174,0.025750754,0.032872967
55,80,5.2144285e-05,0.001825093,0.025056168,0.03251263
56,80,4.524929e-05,0.0016786037,0.02428526,0.03210499
57,80,3.8575938e-05,0.001527806,0.0234463,0.031651646
58,80,3.2308955e-05,0.0013760836,0.022548059,0.031154338
59,80,2.6584532e-05,0.0012265283,0.02159968,0.030614957
60,80,2.149e-05,0.0010818474,0.020610506,0.03003552
61,80,1.7066492e-05,0.0009442991,0.019589942,0.029418146
62,80,1.3315351e-05,0.00081565755,0.018547297,0.028765047
63,80,1.0206148e-05,0.0006972047,0.017491657,0.028078511
64,80,7.685475e-06,0.0005897477,0.016431754,0.02736087
65,80,5.6856657e-06,0.0004936567,0.015375857,0.026614502
66,80,4.1322974e-06,0.00040891787,0.01433167,0.025841797
67,80,2.9505538e-06,0.00033519586,0.0133062545,0.025045145
68,80,2.069733e-06,0.00027190163,0.01230597,0.024226919
69,80,1.4263552e-06,0.00021826042,0.01133642,0.023389455
70,80,9.656984e-07,0.00017337527,0.010402429,0.022535032
71,80,6.4232523e-07,0.00013628484,0.009508028,0.021665866
72,80,4.1972896e-07,0.000106012034,0.008656463,0.020784086
73,80,2.6945372e-07,8.160355e-05,0.0078502055,0.019891728
74,80,1.6994152e-07,6.2159605e-05,0.0070909867,0.018990712
75,80,1.0529663e-07,4.6854533e-05,0.0063798376,0.018082842
76,80,6.4096156e-08,3.4949266e-05,0.0057171364,0.017169794
77,80,3.833091e-08,2.579684e-05,0.005102666,0.016253097
78,80,2.251996e-08,1.8842378e-05,0.004535672,0.015334144
79,80,1.29982505e-08,1.36189765e-05,0.0040149274,0.014414175
80,80,7.370639e-09,9.740728e-06,0.0035387946,0.013494278
81,80,4.1060577e-09,6.8940626e-06,0.0031052886,0.012575386
82,80,2.247219e-09,4.8283e-06,0.0027121375,0.0116582755
83,80,1.208274e-09,3.3461574e-06,0.0023568377,0.010743571
84,80,6.382453e-10,2.2947124e-06,0.0020367075,0.009831753
85,80,3.3121458e-10,1.5571604e-06,0.0017489329,0.008923147
86,80,1.6886159e-10,1.0455534e-06,0.0014906087,0.008017951
87,80,8.457727e-11,6.945889e-07,0.0012587719,0.007116226
88,80,4.1617827e-11,4.564305e-07,0.0010504313,0.006217912
89,80,2.0118887e-11,2.96489e-07,0.0008625881,0.00532284
90,80,9.554925e-12,1.9005287e-07,0.0006922522,0.00443074
91,80,4.458148e-12,1.1964592e-07,0.00053645205,0.003541254
92,80,2.0435314e-12,7.2983354e-08,0.00039223977,0.0026539506
93,80,9.202541e-13,4.1404107e-08,0.00025669212,0.0017683372
94,80,4.071307e-13,1.8665832e-08,0.00012690744,0.0008838766
95,80,0.0,0.0,0.0,0.0
0,81,0.0,0.0,0.0,0.0
1,81,2.2680603e-13,1.3170717e-08,0.00011133874,0.0008236867
2,81,5.126569e-13,2.9218617e-08,0.00022520268,0.0016479177
3,81,1.1384165e-12,5.1513382e-08,0.00034412448,0.0024732228
4,81,2.4835585e-12,8.446757e-08,0.00047065088,0.0033001036
5,81,5.322917e-12,1.3420551e-07,0.0006073476,0.004129018
6,81,1.1207868e-11,2.0941663e-07,0.00075680186,0.00496037
7,81,2.3184583e-11,3.22466e-07,0.00092162186,0.00579449
8,81,4.7116738e-11,4.908428e-07,0.0011044324,0.006631633
9,81,9.4070286e-11,7.390334e-07,0.0013078655,0.007471956
10,81,1.8451436e-10,1.1009104e-06,0.0015345472,0.008315513
11,81,3.555556e-10,1.6227258e-06,0.0017870783,0.009162247
12,81,6.7310896e-10,2.3667856e-06,0.0020680095,0.0100119775
13,81,1.2518852e-09,3.4158581e-06,0.002379811,0.010864397
14,81,2.287415e-09,4.8783304e-06,0.0027248377,0.011719059
15,81,4.1060577e-09,6.8940617e-06,0.0031052874,0.012575383
16,81,7.2411317e-09,9.640805e-06,0.0035231553,0.013432644
17,81,1.2545486e-08,1.3340958e-05,0.003980185,0.014289971
18,81,2.135354e-08,1.8268276e-05,0.0044778143,0.015146352
19,81,3.570688e-08,2.4754052e-05,0.005017122,0.016000632
20,81,5.8659072e-08,3.3192067e-05,0.00559877,0.016851513
21,81,9.467162e-08,4.404157e-05,0.0062229508,0.017697569
22,81,1.5010808e-07,5.782729e-05,0.006889332,0.018537236
23,81,2.3382385e-07,7.513555e-05,0.007597012,0.019368839
24,81,3.5782847e-07,9.660547e-05,0.008344471,0.020190582
25,81,5.3797413e-07,0.00012291435,0.009129539,0.02100057
26,81,7.9459824e-07,0.00015475652,0.009949369,0.02179682
27,81,1.1530165e-06,0.0001928154,0.010800422,0.022577267
28,81,1.6437034e-06,0.00023772876,0.011678464,0.023339784
29,81,2.302037e-06,0.00029004796,0.012578574,0.024082197
30,81,3.1673876e-06,0.0003501924,0.013495173,0.024802294
31,81,4.281456e-06,0.00041840144,0.014422062,0.025497844
32,81,5.685671e-06,0.00049468625,0.0153524745,0.026166627
33,81,7.4177624e-06,0.00057878514,0.016279154,0.026806425
34,81,9.507461e-06,0.0006701258,0.017194433,0.027415061
35,81,1.1971713e-05,0.0007677986,0.018090336,0.027990403
36,81,1.4809819e-05,0.00087054435,0.018958688,0.028530393
37,81,1.799877e-05,0.0009767591,0.019791234,0.029033052
38,81,2.149004e-05,0.0010845199,0.02057977,0.029496502
39,81,2.520761e-05,0.0011916301,0.021316273,0.029918985
40,81,2.9048695e-05,0.0012956855,0.021993034,0.030298872
41,81,3.2886863e-05,0.0013941589,0.022602797,0.030634671
42,81,3.6577934e-05,0.0014844986,0.023138884,0.030925062
43,81,3.9968363e-05,0.0015642361,0.023595324,0.031168872
44,81,4.2905565e-05,0.0016310981,0.023966948,0.031365126
45,81,4.524929e-05,0.001683113,0.024249502,0.03151302
46,81,4.6882462e-05,0.0017187078,0.024439717,0.031611957
47,81,4.7721045e-05,0.0017367862,0.024535384,0.031661525
48,81,4.7721045e-05,0.0017367863,0.024535384,0.031661525
49,81,4.6882506e-05,0.0017187077,0.024439717,0.031611957
50,81,4.524929e-05,0.001683113,0.0242495,0.03151302
51,81,4.2905565e-05,0.001631098,0.023966948,0.031365126
52,81,3.9968363e-05,0.0015642359,0.023595324,0.03116887
53,81,3.6577934e-05,0.0014844984,0.023138884,0.03092506
54,81,3.2886863e-05,0.0013941588,0.022602797,0.030634671
55,81,2.9048695e-05,0.0012956855,0.021993034,0.030298872
56,81,2.520761e-05,0.0011916301,0.021316273,0.029918985
57,81,2.149004e-05,0.0010845199,0.02057977,0.0294965
58,81,1.799877e-05,0.0009767592,0.019791234,0.02903305
59,81,1.4809819e-05,0.0008705444,0.018958688,0.028530391
60,81,1.1971736e-05,0.0007677987,0.018090338,0.0279904
61,81,9.507452e-06,0.0006701258,0.017194435,0.02741506
62,81,7.4177624e-06,0.00057878514,0.016279155,0.026806425
63,81,5.685671e-06,0.00049468625,0.015352476,0.026166629
64,81,4.2814477e-06,0.00041840147,0.014422064,0.025497846
65,81,3.1673876e-06,0.00035019242,0.013495176,0.024802294
66,81,2.302037e-06,0.000290048,0.012578577,0.024082197
67,81,1.643705e-06,0.00023772877,0.011678466,0.023339784
68,81,1.1530153e-06,0.00019281542,0.010800425,0.022577267
69,81,7.9459824e-07,0.00015475653,0.009949371,0.02179682
70,81,5.3797413e-07,0.00012291435,0.009129542,0.021000572
71,81,3.578288e-07,9.660548e-05,0.008344474,0.020190582
72,81,2.3382385e-07,7.5135555e-05,0.0075970152,0.01936884
73,81,1.5010808e-07,5.7827296e-05,0.0068893353,0.018537238
74,81,9.467162e-08,4.4041575e-05,0.006222953,0.01769757
75,81,5.8659072e-08,3.319207e-05,0.005598772,0.016851518
76,81,3.570688e-08,2.4754056e-05,0.0050171237,0.016000634
77,81,2.135354e-08,1.826828e-05,0.004477816,0.015146355
78,81,1.2545486e-08,1.3340959e-05,0.0039801863,0.014289973
79,81,7.241104e-09,9.640807e-06,0.0035231567,0.013432647
80,81,4.1060577e-09,6.8940626e-06,0.0031052886,0.012575386
81,81,2.287415e-09,4.878331e-06,0.0027248387,0.011719063
82,81,1.2518899e-09,3.4158588e-06,0.002379812,0.010864399
83,81,6.7310896e-10,2.366786e-06,0.0020680106,0.01001198
84,81,3.555556e-10,1.6227261e-06,0.0017870793,0.00916225
85,81,1.8451436e-10,1.1009107e-06,0.001534548,0.008315516
86,81,9.4069925e-11,7.3903357e-07,0.0013078662,0.007471958
87,81,4.7116738e-11,4.908429e-07,0.0011044331,0.0066316356
88,81,2.3184583e-11,3.224661e-07,0.0009216224,0.005794493
89,81,1.120789e-11,2.0941667e-07,0.00075680227,0.0049603716
90,81,5.3228966e-12,1.3420552e-07,0.00060734793,0.00412902
91,81,2.4835585e-12,8.446759e-08,0.00047065117,0.0033001052
92,81,1.1384165e-12,5.1513396e-08,0.00034412474,0.0024732242
93,81,5.126579e-13,2.9218626e-08,0.00022520284,0.0016479186
94,81,2.268056e-13,1.31707205e-08,0.00011133881,0.0008236871
95,81,0.0,0.0,0.0,0.0
0,82,0.0,0.0,0.0,0.0
1,82,1.2412972e-13,9.195321e-09,9.7222735e-05,0.0007636143
2,82,2.8057385e-13,2.0402009e-08,0.00019665135,0.0015277333
3,82,6.230481e-13,3.5976242e-08,0.00030049827,0.0022928482
4,82,1.359233e-12,5.9004407e-08,0.00041098817,0.0030594238
5,82,2.913193e-12,9.3771696e-08,0.0005303624,0.0038278857
6,82,6.133995e-12,1.4636002e-07,0.0006608813,0.004598606
7,82,1.26887745e-11,2.2542663e-07,0.0008048233,0.0053718947
8,82,2.578669e-11,3.4321968e-07,0.0009644815,0.006147985
9,82,5.1484067e-11,5.168924e-07,0.0011421556,0.006927023
10,82,1.0098353e-10,7.701793e-07,0.0013401401,0.0077090613
11,82,1.9459294e-10,1.1354977e-06,0.0015607072,0.008494045
12,82,3.6838893e-10,1.6565272e-06,0.0018060857,0.009281807
13,82,6.851501e-10,2.391307e-06,0.0020784345,0.010072061
14,82,1.2518899e-09,3.415858e-06,0.0023798111,0.010864397
15,82,2.247219e-09,4.828299e-06,0.0027121364,0.011658274
16,82,3.963025e-09,6.7533606e-06,0.0030771543,0.012453018
17,82,6.866078e-09,9.347137e-06,0.0034763885,0.013247824
18,82,1.1686655e-08,1.280181e-05,0.0039110966,0.014041755
19,82,1.9542183e-08,1.7350003e-05,0.0043822215,0.014833738
20,82,3.2103795e-08,2.3268281e-05,0.0048903427,0.015622571
21,82,5.1813174e-08,3.0879255e-05,0.0054356284,0.016406931
22,82,8.215319e-08,4.055161e-05,0.006017791,0.01718537
23,82,1.2797031e-07,5.2697415e-05,0.0066360408,0.01795633
24,82,1.9583723e-07,6.7765926e-05,0.007289053,0.01871815
25,82,2.944298e-07,8.623336e-05,0.007974931,0.019469073
26,82,4.3487896e-07,0.00010858803,0.008691189,0.020207262
27,82,6.310385e-07,0.00013531077,0.0094347345,0.0209308
28,82,8.995892e-07,0.00016685038,0.010201869,0.021637714
29,82,1.2598914e-06,0.00020359515,0.010988293,0.02232599
30,82,1.7334927e-06,0.00024584064,0.011789132,0.02299358
31,82,2.3432133e-06,0.00029375602,0.01259897,0.023638416
32,82,3.1117345e-06,0.00034735003,0.0134118935,0.024258431
33,82,4.0596938e-06,0.0004064396,0.014221563,0.024851577
34,82,5.203373e-06,0.0004706233,0.015021278,0.025415834
35,82,6.5520544e-06,0.0005392624,0.015804071,0.025949225
36,82,8.1053195e-06,0.000611472,0.016562797,0.026449839
37,82,9.850622e-06,0.00068612513,0.017290242,0.026915846
38,82,1.1761362e-05,0.00076186995,0.017979236,0.027345506
39,82,1.3795964e-05,0.00083716185,0.018622767,0.027737183
40,82,1.5898166e-05,0.0009103105,0.019214103,0.028089369
41,82,1.7998787e-05,0.0009795383,0.019746901,0.028400686
42,82,2.001887e-05,0.0010430507,0.020215325,0.028669901
43,82,2.187443e-05,0.0010991113,0.020614153,0.028895937
44,82,2.3481942e-05,0.001146121,0.020938871,0.02907788
45,82,2.4764671e-05,0.0011826925,0.021185761,0.029214993
46,82,2.5658497e-05,0.0012077196,0.02135197,0.029306713
47,82,2.6117446e-05,0.0012204308,0.021435564,0.02935267
48,82,2.6117446e-05,0.0012204308,0.021435564,0.02935267
49,82,2.5658497e-05,0.0012077194,0.02135197,0.029306712
50,82,2.4764671e-05,0.0011826925,0.021185761,0.02921499
51,82,2.3481942e-05,0.0011461207,0.020938871,0.029077878
52,82,2.187443e-05,0.0010991112,0.020614153,0.028895935
53,82,2.001887e-05,0.0010430505,0.020215325,0.0286699
54,82,1.7998787e-05,0.0009795383,0.019746901,0.028400686
55,82,1.5898166e-05,0.0009103105,0.019214103,0.02808937
56,82,1.3795964e-05,0.00083716185,0.018622767,0.027737183
57,82,1.1761362e-05,0.00076186995,0.017979234,0.027345505
58,82,9.850622e-06,0.0006861252,0.017290242,0.026915846
59,82,8.1053195e-06,0.00061147206,0.016562797,0.026449839
60,82,6.5520544e-06,0.0005392623,0.015804071,0.025949223
61,82,5.203373e-06,0.00047062332,0.01502128,0.025415834
62,82,4.0596938e-06,0.0004064396,0.014221564,0.02485158
63,82,3.1117345e-06,0.00034735003,0.013411895,0.024258433
64,82,2.3432133e-06,0.00029375602,0.012598971,0.023638418
65,82,1.7334927e-06,0.00024584067,0.011789135,0.022993581
66,82,1.2598914e-06,0.00020359515,0.010988295,0.022325993
67,82,8.995892e-07,0.00016685041,0.010201871,0.021637715
68,82,6.310385e-07,0.0001353108,0.009434736,0.0209308
69,82,4.3487896e-07,0.00010858805,0.008691192,0.020207262
70,82,2.944298e-07,8.623337e-05,0.007974934,0.019469075
71,82,1.9583742e-07,6.776593e-05,0.0072890553,0.01871815
72,82,1.2797031e-07,5.269742e-05,0.0066360435,0.01795633
73,82,8.215319e-08,4.0551615e-05,0.0060177934,0.01718537
74,82,5.1813174e-08,3.087926e-05,0.0054356307,0.016406931
75,82,3.2103735e-08,2.3268285e-05,0.004890344,0.015622572
76,82,1.9542183e-08,1.7350007e-05,0.0043822234,0.01483374
77,82,1.1686655e-08,1.2801812e-05,0.0039110985,0.014041757
78,82,6.866078e-09,9.347138e-06,0.00347639,0.013247827
79,82,3.9630175e-09,6.753362e-06,0.0030771554,0.01245302
80,82,2.247219e-09,4.8283e-06,0.0027121375,0.0116582755
81,82,1.2518899e-09,3.4158586e-06,0.002379812,0.010864399
82,82,6.851514e-10,2.3913074e-06,0.0020784354,0.010072065
83,82,3.6838893e-10,1.6565275e-06,0.0018060866,0.009281809
84,82,1.9459294e-10,1.1354979e-06,0.001560708,0.008494047
85,82,1.0098353e-10,7.7017955e-07,0.0013401408,0.007709064
86,82,5.1483966e-11,5.168925e-07,0.0011421563,0.006927026
87,82,2.578669e-11,3.4321977e-07,0.000964482,0.006147987
88,82,1.26887745e-11,2.2542667e-07,0.0008048237,0.005371897
89,82,6.13403e-12,1.4636007e-07,0.0006608817,0.0045986082
90,82,2.9131875e-12,9.377171e-08,0.00053036277,0.0038278871
91,82,1.359233e-12,5.900442e-08,0.0004109884,0.0030594252
92,82,6.230481e-13,3.597625e-08,0.00030049848,0.0022928494
93,82,2.8057493e-13,2.0402014e-08,0.0001966515,0.001527734
94,82,1.2412972e-13,9.195324e-09,9.722281e-05,0.0007636147
95,82,0.0,0.0,0.0,0.0
0,83,0.0,0.0,0.0,0.0
1,83,6.674161e-14,6.3521037e-09,8.446896e-05,0.00070369995
2,83,1.508579e-13,1.409552e-08,0.00017085517,0.001407865
3,83,3.3499752e-13,2.4860439e-08,0.00026108156,0.002112948
4,83,7.3082735e-13,4.0783e-08,0.00035708168,0.002819377
5,83,1.5663516e-12,6.483008e-08,0.0004608038,0.0035275447
6,83,3.2981033e-12,1.0121396e-07,0.0005742124,0.004237794
7,83,6.8224528e-12,1.5593238e-07,0.0006992882,0.00495041
8,83,1.3864864e-11,2.3747339e-07,0.00083802437,0.005665608
9,83,2.7681706e-11,3.577275e-07,0.00099242,0.006383524
10,83,5.4296238e-11,5.331518e-07,0.0011644698,0.0071042036
11,83,1.04628e-10,7.8622975e-07,0.0013561489,0.007827598
12,83,1.9807322e-10,1.1472636e-06,0.0015693953,0.008553554
13,83,3.6838751e-10,1.6565272e-06,0.0018060858,0.009281807
14,83,6.7310896e-10,2.3667856e-06,0.0020680097,0.010011978
15,83,1.208274e-09,3.3461567e-06,0.0023568368,0.01074357
16,83,2.1308204e-09,4.6812547e-06,0.0026740842,0.011475962
17,83,3.6917198e-09,6.480497e-06,0.0030210766,0.012208413
18,83,6.283625e-09,8.877399e-06,0.0033989078,0.012940056
19,83,1.05073275e-08,1.20336035e-05,0.0038083987,0.013669903
20,83,1.7261415e-08,1.6141334e-05,0.0042500533,0.01439685
21,83,2.785866e-08,2.1424865e-05,0.0047240197,0.015119675
22,83,4.417174e-08,2.8140561e-05,0.005230047,0.015837042
23,83,6.8806465e-08,3.6575017e-05,0.0057674507,0.01654752
24,83,1.0529683e-07,4.7040754e-05,0.0063350783,0.017249575
25,83,1.5830747e-07,5.986915e-05,0.006931283,0.017941589
26,83,2.3382364e-07,7.5400094e-05,0.0075539043,0.018621866
27,83,3.3929345e-07,9.396834e-05,0.008200255,0.01928864
28,83,4.8368685e-07,0.000115886505,0.008867117,0.019940099
29,83,6.774117e-07,0.00014142517,0.009550757,0.02057438
30,83,9.3205523e-07,0.00017079053,0.010246934,0.021189598
31,83,1.2598865e-06,0.00020410088,0.010950942,0.021783847
32,83,1.6731026e-06,0.00024136297,0.0116576385,0.022355225
33,83,2.1827948e-06,0.00028245006,0.012361513,0.022901839
34,83,2.7977248e-06,0.0003270835,0.013056741,0.02342183
35,83,3.522874e-06,0.0003748193,0.013737261,0.023913378
36,83,4.3580253e-06,0.00042504247,0.014396864,0.024374722
37,83,5.296435e-06,0.00047696903,0.015029278,0.024804171
38,83,6.3237867e-06,0.00052965846,0.015628267,0.025200127
39,83,7.417741e-06,0.00058203615,0.016187735,0.02556108
40,83,8.54805e-06,0.00063292554,0.016701829,0.025885636
41,83,9.677502e-06,0.0006810897,0.017165031,0.026172532
42,83,1.076364e-05,0.0007252793,0.017572273,0.026420629
43,83,1.1761328e-05,0.0007642855,0.01791901,0.026628932
44,83,1.2625658e-05,0.0007969952,0.018201314,0.026796604
45,83,1.3315351e-05,0.0008224426,0.01841596,0.026922958
46,83,1.3795925e-05,0.0008398572,0.01856046,0.027007487
47,83,1.4042691e-05,0.00084870233,0.018633135,0.027049836
48,83,1.4042691e-05,0.00084870233,0.018633135,0.027049836
49,83,1.3795925e-05,0.0008398572,0.01856046,0.027007485
50,83,1.3315351e-05,0.0008224426,0.018415958,0.026922958
51,83,1.2625658e-05,0.0007969951,0.018201314,0.0267966
52,83,1.1761328e-05,0.00076428545,0.017919008,0.02662893
53,83,1.076364e-05,0.00072527915,0.017572273,0.026420627
54,83,9.677502e-06,0.00068108964,0.017165031,0.026172532
55,83,8.54805e-06,0.00063292554,0.016701827,0.025885636
56,83,7.417741e-06,0.00058203615,0.016187733,0.02556108
57,83,6.3237867e-06,0.00052965846,0.015628265,0.025200127
58,83,5.296435e-06,0.00047696906,0.015029278,0.024804171
59,83,4.3580253e-06,0.0004250425,0.014396865,0.024374722
60,83,3.522874e-06,0.00037481933,0.013737262,0.023913378
61,83,2.7977248e-06,0.00032708346,0.013056742,0.02342183
62,83,2.1827948e-06,0.00028245006,0.012361514,0.022901839
63,83,1.6731026e-06,0.00024136294,0.01165764,0.022355225
64,83,1.2598865e-06,0.00020410088,0.0109509425,0.02178385
65,83,9.3205523e-07,0.00017079053,0.010246936,0.0211896
66,83,6.774117e-07,0.00014142519,0.00955076,0.020574382
67,83,4.8368685e-07,0.00011588652,0.00886712,0.019940099
68,83,3.3929345e-07,9.396835e-05,0.008200257,0.01928864
69,83,2.3382364e-07,7.540011e-05,0.0075539066,0.018621866
70,83,1.5830747e-07,5.9869162e-05,0.0069312854,0.017941589
71,83,1.0529683e-07,4.7040765e-05,0.0063350806,0.017249575
72,83,6.8806465e-08,3.657502e-05,0.005767453,0.01654752
73,83,4.417174e-08,2.8140566e-05,0.005230049,0.015837044
74,83,2.785866e-08,2.142487e-05,0.004724021,0.015119676
75,83,1.7261383e-08,1.6141337e-05,0.004250055,0.014396853
76,83,1.05073275e-08,1.2033606e-05,0.0038084001,0.013669905
77,83,6.283625e-09,8.8774e-06,0.0033989095,0.012940058
78,83,3.6917198e-09,6.4804985e-06,0.0030210777,0.012208414
79,83,2.1308164e-09,4.6812556e-06,0.0026740853,0.0114759635
80,83,1.208274e-09,3.3461574e-06,0.002356838,0.010743571
81,83,6.7310896e-10,2.366786e-06,0.0020680104,0.01001198
82,83,3.6838893e-10,1.6565275e-06,0.0018060866,0.009281809
83,83,1.9807322e-10,1.1472638e-06,0.001569396,0.008553557
84,83,1.04628e-10,7.8623e-07,0.0013561496,0.0078276
85,83,5.4296238e-11,5.33152e-07,0.0011644703,0.0071042064
86,83,2.7681706e-11,3.5772754e-07,0.0009924206,0.006383526
87,83,1.3864864e-11,2.3747342e-07,0.00083802483,0.0056656105
88,83,6.8224528e-12,1.5593241e-07,0.0006992886,0.004950412
89,83,3.2981033e-12,1.0121398e-07,0.0005742128,0.0042377957
90,83,1.5663487e-12,6.483009e-08,0.00046080406,0.003527546
91,83,7.3082735e-13,4.078301e-08,0.0003570819,0.0028193784
92,83,3.3499752e-13,2.4860444e-08,0.00026108173,0.0021129488
93,83,1.508579e-13,1.4095523e-08,0.00017085529,0.0014078658
94,83,6.674122e-14,6.3521055e-09,8.446902e-05,0.00070370024
95,83,0.0,0.0,0.0,0.0
0,84,0.0,0.0,0.0,0.0
1,84,3.525471e-14,4.3416852e-09,7.298064e-05,0.0006439748
2,84,7.9687355e-14,9.635649e-09,0.0001476184,0.0012883752
3,84,1.7695537e-13,1.6997928e-08,0.00022557529,0.0019336157
4,84,3.8604414e-13,2.7891438e-08,0.00030852263,0.0025800883
5,84,8.273938e-13,4.434877e-08,0.0003981443,0.0032281517
6,84,1.7421502e-12,6.925669e-08,0.00049613847,0.0038781208
7,84,3.6038097e-12,1.0672692e-07,0.0006042171,0.004530256
8,84,7.323794e-12,1.6258011e-07,0.0007241033,0.005184754
9,84,1.4622222e-11,2.449725e-07,0.00085752516,0.005841739
10,84,2.8680842e-11,3.6519583e-07,0.0010062068,0.0065012546
11,84,5.5267534e-11,5.3868075e-07,0.0011718564,0.0071632545
12,84,1.04628e-10,7.862297e-07,0.001356149,0.007827599
13,84,1.9459294e-10,1.1354978e-06,0.0015607073,0.008494046
14,84,3.555556e-10,1.6227258e-06,0.0017870785,0.009162248
15,84,6.382453e-10,2.294712e-06,0.0020367068,0.009831751
16,84,1.1255566e-09,3.2109754e-06,0.0023109035,0.010501986
17,84,1.9500694e-09,4.446035e-06,0.0026108152,0.011172276
18,84,3.3191863e-09,6.0916827e-06,0.0029373872,0.011841827
19,84,5.5502745e-09,8.259073e-06,0.00329133,0.012509735
20,84,9.1179615e-09,1.1080423e-05,0.0036730804,0.013174989
21,84,1.47157495e-08,1.4710021e-05,0.0040827664,0.01383647
22,84,2.3332788e-08,1.9324283e-05,0.0045201723,0.01449296
23,84,3.634556e-08,2.5120466e-05,0.004984706,0.015143143
24,84,5.562072e-08,3.2313732e-05,0.0054753735,0.01578562
25,84,8.362266e-08,4.1132265e-05,0.00599075,0.016418908
26,84,1.2351228e-07,5.1810202e-05,0.006528969,0.017041452
27,84,1.7922478e-07,6.457819e-05,0.0070877075,0.017651645
28,84,2.5549687e-07,7.9651734e-05,0.0076641855,0.01824782
29,84,3.578278e-07,9.721745e-05,0.0082551725,0.018828275
30,84,4.923385e-07,0.00011741771,0.008857005,0.019391285
31,84,6.6550786e-07,0.00014033438,0.0094656125,0.019935105
32,84,8.837803e-07,0.00016597252,0.010076551,0.020457994
33,84,1.1530153e-06,0.00019424544,0.010685055,0.020958224
34,84,1.4778377e-06,0.0002249616,0.011286087,0.02143409
35,84,1.8608821e-06,0.00025781582,0.011874412,0.021883925
36,84,2.3020327e-06,0.00029238476,0.012444656,0.022306118
37,84,2.7977273e-06,0.00032812895,0.012991398,0.022699125
38,84,3.3404037e-06,0.0003644008,0.0135092465,0.02306148
39,84,3.9182655e-06,0.00040046033,0.013992931,0.023391804
40,84,4.515327e-06,0.00043549726,0.014437388,0.02368882
41,84,5.1119314e-06,0.00046865948,0.014837851,0.023951368
42,84,5.6856657e-06,0.0004990864,0.015189931,0.024178414
43,84,6.2126674e-06,0.0005259454,0.015489704,0.02436904
44,84,6.6692314e-06,0.0005484693,0.015733777,0.024522481
45,84,7.0335464e-06,0.0005659929,0.01591935,0.024638116
46,84,7.2874063e-06,0.0005779852,0.01604428,0.024715472
47,84,7.417755e-06,0.0005840762,0.01610711,0.024754226
48,84,7.417755e-06,0.00058407616,0.01610711,0.024754226
49,84,7.2874063e-06,0.00057798513,0.016044278,0.02471547
50,84,7.0335464e-06,0.0005659929,0.015919348,0.024638116
51,84,6.6692314e-06,0.0005484693,0.015733775,0.024522483
52,84,6.2126674e-06,0.0005259454,0.015489704,0.024369039
53,84,5.6856657e-06,0.0004990864,0.015189932,0.024178412
54,84,5.1119314e-06,0.00046865948,0.014837851,0.023951368
55,84,4.515327e-06,0.00043549726,0.014437388,0.02368882
56,84,3.918269e-06,0.00040046033,0.013992929,0.023391804
57,84,3.3404037e-06,0.00036440082,0.013509246,0.02306148
58,84,2.7977273e-06,0.00032812895,0.012991397,0.022699127
59,84,2.3020327e-06,0.0002923848,0.012444656,0.022306118
60,84,1.8608821e-06,0.00025781582,0.011874412,0.021883924
61,84,1.4778377e-06,0.00022496161,0.011286089,0.02143409
62,84,1.1530153e-06,0.00019424543,0.0106850555,0.020958224
63,84,8.837803e-07,0.00016597254,0.010076553,0.020457996
64,84,6.6550786e-07,0.00014033435,0.009465613,0.019935107
65,84,4.923385e-07,0.00011741771,0.008857006,0.019391285
66,84,3.578278e-07,9.721746e-05,0.008255174,0.018828275
67,84,2.5549713e-07,7.965175e-05,0.007664187,0.01824782
68,84,1.7922427e-07,6.45782e-05,0.0070877094,0.017651645
69,84,1.2351228e-07,5.1810213e-05,0.0065289713,0.017041452
70,84,8.362266e-08,4.1132276e-05,0.005990752,0.016418908
71,84,5.5620827e-08,3.2313736e-05,0.0054753753,0.015785621
72,84,3.634556e-08,2.5120467e-05,0.004984708,0.015143145
73,84,2.3332788e-08,1.9324287e-05,0.004520174,0.014492961
74,84,1.47157495e-08,1.4710024e-05,0.0040827678,0.013836471
75,84,9.117945e-09,1.1080425e-05,0.003673082,0.01317499
76,84,5.5502745e-09,8.259075e-06,0.0032913315,0.012509736
77,84,3.3191863e-09,6.091684e-06,0.0029373886,0.011841828
78,84,1.9500694e-09,4.4460357e-06,0.0026108164,0.011172278
79,84,1.1255566e-09,3.2109758e-06,0.0023109047,0.010501988
80,84,6.382453e-10,2.2947124e-06,0.0020367077,0.009831753
81,84,3.555556e-10,1.6227262e-06,0.0017870794,0.00916225
82,84,1.9459294e-10,1.135498e-06,0.001560708,0.008494047
83,84,1.04628e-10,7.8623e-07,0.0013561496,0.007827601
84,84,5.5267534e-11,5.386809e-07,0.001171857,0.007163257
85,84,2.8680842e-11,3.6519592e-07,0.0010062074,0.006501257
86,84,1.4622222e-11,2.449725e-07,0.00085752556,0.0058417413
87,84,7.323794e-12,1.6258014e-07,0.0007241037,0.005184756
88,84,3.6038097e-12,1.0672694e-07,0.00060421746,0.004530258
89,84,1.7421535e-12,6.925671e-08,0.00049613876,0.0038781224
90,84,8.273891e-13,4.4348777e-08,0.00039814456,0.0032281533
91,84,3.8604414e-13,2.7891444e-08,0.00030852284,0.0025800897
92,84,1.7695537e-13,1.6997932e-08,0.00022557544,0.0019336168
93,84,7.9687504e-14,9.6356505e-09,0.0001476185,0.0012883759
94,84,3.5254643e-14,4.341686e-09,7.29807e-05,0.0006439751
95,84,0.0,0.0,0.0,0.0
0,85,0.0,0.0,0.0,0.0
1,85,1.8295276e-14,2.9361817e-09,6.26563e-05,0.0005844605
2,85,4.13534e-14,6.5172787e-09,0.00012673582,0.0011693074
3,85,9.183021e-14,1.149929e-08,0.00019366601,0.0017549169
4,85,2.003359e-13,1.8873543e-08,0.00026488228,0.0023416446
5,85,4.2937236e-13,3.0017908e-08,0.00034183092,0.002929816
6,85,9.040811e-13,4.6889987e-08,0.0004259705,0.0035197176
7,85,1.870181e-12,7.227896e-08,0.00051877147,0.0041115847
8,85,3.800665e-12,1.1013446e-07,0.0006217139,0.004705597
9,85,7.588166e-12,1.6599259e-07,0.0007362821,0.0053018667
10,85,1.4883825e-11,2.475199e-07,0.00086395745,0.005900433
11,85,2.8680842e-11,3.6519583e-07,0.001006207,0.0065012546
12,85,5.4296238e-11,5.331518e-07,0.0011644698,0.007104204
13,85,1.00983145e-10,7.701794e-07,0.0013401402,0.007709062
14,85,1.8451436e-10,1.1009105e-06,0.0015345474,0.008315514
15,85,3.3121458e-10,1.5571601e-06,0.0017489324,0.008923145
16,85,5.841049e-10,2.179402e-06,0.0019844219,0.009531444
17,85,1.0119818e-09,3.018322e-06,0.002242001,0.010139791
18,85,1.7224803e-09,4.136369e-06,0.002522483,0.010747468
19,85,2.8802958e-09,5.6091853e-06,0.0028264779,0.011353656
20,85,4.731735e-09,7.5267626e-06,0.003154362,0.011957433
21,85,7.636673e-09,9.994145e-06,0.0035062458,0.012557787
22,85,1.2108448e-08,1.3131466e-05,0.0038819439,0.01315361
23,85,1.886137e-08,1.7073085e-05,0.00428095,0.013743711
24,85,2.8864182e-08,2.1965596e-05,0.004702408,0.014326817
25,85,4.339561e-08,2.7964503e-05,0.005145096,0.014901584
26,85,6.409628e-08,3.5229405e-05,0.0056074113,0.0154666025
27,85,9.300782e-08,4.391759e-05,0.0060873576,0.016020408
28,85,1.3258924e-07,5.4176075e-05,0.0065825484,0.016561491
29,85,1.8569368e-07,6.613223e-05,0.0070902077,0.01708831
30,85,2.5549713e-07,7.9883335e-05,0.007607189,0.017599294
31,85,3.4536302e-07,9.548548e-05,0.008129995,0.018092863
32,85,4.586343e-07,0.000112942456,0.008654809,0.018567435
33,85,5.9835276e-07,0.00013219546,0.009177536,0.01902144
34,85,7.6691805e-07,0.00015311435,0.00969385,0.019453334
35,85,9.656984e-07,0.0001754914,0.01019925,0.019861601
36,85,1.194632e-06,0.00019903838,0.010689122,0.020244785
37,85,1.4518696e-06,0.00022338779,0.011158806,0.020601476
38,85,1.7334911e-06,0.00024809843,0.011603673,0.020930346
39,85,2.0333684e-06,0.00027266608,0.012019193,0.021230146
40,85,2.343209e-06,0.00029653835,0.0124010155,0.021499718
41,85,2.6528166e-06,0.00031913447,0.012745045,0.021738008
42,85,2.9505538e-06,0.00033986778,0.013047513,0.021944072
43,85,3.2240425e-06,0.00035817048,0.013305043,0.022117084
44,85,3.4609714e-06,0.00037351964,0.013514722,0.022256348
45,85,3.6500312e-06,0.0003854615,0.0136741465,0.022361297
46,85,3.7817708e-06,0.00039363405,0.013781471,0.022431504
47,85,3.849415e-06,0.00039778504,0.01383545,0.022466678
48,85,3.849415e-06,0.00039778504,0.013835451,0.022466678
49,85,3.7817708e-06,0.00039363402,0.013781472,0.022431504
50,85,3.6500312e-06,0.00038546146,0.013674146,0.022361297
51,85,3.4609714e-06,0.00037351958,0.013514721,0.022256348
52,85,3.2240425e-06,0.00035817048,0.013305042,0.022117084
53,85,2.9505538e-06,0.00033986775,0.013047513,0.02194407
54,85,2.6528166e-06,0.00031913447,0.012745046,0.021738006
55,85,2.343209e-06,0.00029653835,0.012401016,0.021499718
56,85,2.0333684e-06,0.00027266605,0.012019192,0.021230146
57,85,1.7334911e-06,0.00024809843,0.011603673,0.020930346
58,85,1.4518696e-06,0.0002233878,0.011158806,0.020601477
59,85,1.194632e-06,0.00019903839,0.010689121,0.020244783
60,85,9.656984e-07,0.0001754914,0.010199251,0.019861601
61,85,7.6691805e-07,0.00015311436,0.009693851,0.019453334
62,85,5.9835276e-07,0.00013219546,0.009177537,0.01902144
63,85,4.586343e-07,0.000112942456,0.00865481,0.018567434
64,85,3.4536302e-07,9.548548e-05,0.008129996,0.018092863
65,85,2.5549713e-07,7.9883335e-05,0.00760719,0.017599294
66,85,1.8569368e-07,6.6132234e-05,0.0070902086,0.01708831
67,85,1.3258924e-07,5.417608e-05,0.0065825493,0.016561491
68,85,9.300782e-08,4.3917596e-05,0.0060873595,0.016020408
69,85,6.409628e-08,3.522941e-05,0.0056074127,0.015466603
70,85,4.339561e-08,2.7964506e-05,0.0051450976,0.014901585
71,85,2.8864182e-08,2.1965598e-05,0.0047024093,0.014326819
72,85,1.886137e-08,1.7073087e-05,0.0042809513,0.013743712
73,85,1.2108448e-08,1.3131469e-05,0.0038819453,0.013153611
74,85,7.636673e-09,9.994146e-06,0.0035062472,0.012557788
75,85,4.7317257e-09,7.5267635e-06,0.0031543635,0.011957434
76,85,2.8802958e-09,5.6091867e-06,0.0028264793,0.011353657
77,85,1.7224803e-09,4.136371e-06,0.0025224844,0.010747469
78,85,1.0119818e-09,3.0183228e-06,0.0022420022,0.010139792
79,85,5.8410266e-10,2.1794026e-06,0.0019844228,0.009531446
80,85,3.3121458e-10,1.5571603e-06,0.0017489331,0.008923147
81,85,1.8451436e-10,1.1009106e-06,0.0015345481,0.008315516
82,85,1.0098353e-10,7.701795e-07,0.0013401408,0.007709064
83,85,5.4296238e-11,5.3315193e-07,0.0011644703,0.007104207
84,85,2.8680842e-11,3.6519592e-07,0.0010062074,0.006501257
85,85,1.4883825e-11,2.4751992e-07,0.00086395786,0.005900435
86,85,7.588138e-12,1.6599262e-07,0.00073628256,0.005301869
87,85,3.800665e-12,1.1013447e-07,0.0006217142,0.004705599
88,85,1.870181e-12,7.227897e-08,0.00051877176,0.004111587
89,85,9.040846e-13,4.6889994e-08,0.0004259707,0.003519719
90,85,4.2937073e-13,3.001791e-08,0.00034183112,0.0029298177
91,85,2.003359e-13,1.8873548e-08,0.00026488243,0.0023416455
92,85,9.183021e-14,1.1499293e-08,0.00019366613,0.0017549177
93,85,4.1353636e-14,6.5172796e-09,0.00012673589,0.001169308
94,85,1.8295276e-14,2.9361822e-09,6.265634e-05,0.0005844608
95,85,0.0,0.0,0.0,0.0
0,86,0.0,0.0,0.0,0.0
1,86,9.327432e-15,1.9646118e-09,5.339121e-05,0.00052516983
2,86,2.1083053e-14,4.361366e-09,0.00010799563,0.0010506868
3,86,4.6817463e-14,7.696962e-09,0.00016503007,0.001576889
4,86,1.02136324e-13,1.2636071e-08,0.00022571818,0.0021040963
5,86,2.1890493e-13,2.0102886e-08,0.00029129285,0.002632601
6,86,4.609244e-13,3.1410924e-08,0.0003629975,0.00316266
7,86,9.534677e-13,4.84323e-08,0.00044208573,0.003694486
8,86,1.9376755e-12,7.381888e-08,0.0005298193,0.0042282394
9,86,3.86864e-12,1.11288806e-07,0.00062746374,0.0047640214
10,86,7.588138e-12,1.6599257e-07,0.00073628215,0.005301867
11,86,1.4622222e-11,2.4497248e-07,0.00085752516,0.0058417395
12,86,2.7681706e-11,3.577275e-07,0.0009924201,0.0063835243
13,86,5.1483966e-11,5.168924e-07,0.0011421558,0.006927024
14,86,9.4069925e-11,7.390334e-07,0.0013078657,0.007471957
15,86,1.6886159e-10,1.0455532e-06,0.001490608,0.00801795
16,86,2.977915e-10,1.4636862e-06,0.0016913441,0.008564542
17,86,5.15934e-10,2.027547e-06,0.0019109139,0.009111178
18,86,8.781658e-10,2.7791782e-06,0.0021500112,0.0096572125
19,86,1.4684479e-09,3.7695152e-06,0.0024091569,0.010201908
20,86,2.4123585e-09,5.0591725e-06,0.0026886717,0.010744439
21,86,3.8933696e-09,6.71892e-06,0.0029886505,0.011283894
22,86,6.173206e-09,8.829711e-06,0.003308936,0.011819278
23,86,9.6160235e-09,1.14821105e-05,0.003649096,0.012349521
24,86,1.47156936e-08,1.47749515e-05,0.004008402,0.012873479
25,86,2.2124226e-08,1.8813107e-05,0.004385813,0.013389943
26,86,3.267791e-08,2.3704239e-05,0.004779962,0.013897648
27,86,4.7417927e-08,2.955449e-05,0.0051891473,0.014395278
28,86,6.7597355e-08,3.6463105e-05,0.0056113335,0.014881478
29,86,9.467126e-08,4.451613e-05,0.0060441564,0.015354857
30,86,1.3025905e-07,5.3779342e-05,0.0064849304,0.01581401
31,86,1.7607483e-07,6.429077e-05,0.0069306754,0.016257513
32,86,2.3382364e-07,7.60532e-05,0.0073781363,0.016683947
33,86,3.0505572e-07,8.90272e-05,0.007823822,0.017091902
34,86,3.9099467e-07,0.00010312522,0.008264043,0.017479986
35,86,4.9233756e-07,0.000118207376,0.008694963,0.017846843
36,86,6.090537e-07,0.00013407948,0.009112644,0.018191157
37,86,7.4020073e-07,0.0001504938,0.009513117,0.018511668
38,86,8.837778e-07,0.00016715284,0.009892431,0.018807182
39,86,1.0366638e-06,0.00018371659,0.010246725,0.01907657
40,86,1.1946297e-06,0.0001998125,0.010572288,0.019318799
41,86,1.3524746e-06,0.00021504876,0.010865628,0.01953292
42,86,1.5042688e-06,0.00022902955,0.011123529,0.01971808
43,86,1.6436987e-06,0.00024137188,0.011343117,0.019873545
44,86,1.7644928e-06,0.00025172278,0.011521902,0.019998683
45,86,1.8608804e-06,0.00025977616,0.011657839,0.020092987
46,86,1.9280446e-06,0.00026528767,0.011749352,0.020156072
47,86,1.9625313e-06,0.00026808714,0.011795378,0.02018768
48,86,1.9625313e-06,0.0002680871,0.011795378,0.02018768
49,86,1.9280446e-06,0.0002652877,0.011749352,0.020156072
50,86,1.8608804e-06,0.00025977616,0.011657838,0.020092987
51,86,1.7644928e-06,0.00025172278,0.011521902,0.019998683
52,86,1.6436987e-06,0.00024137188,0.011343116,0.019873545
53,86,1.5042688e-06,0.00022902955,0.011123529,0.01971808
54,86,1.3524746e-06,0.00021504876,0.010865628,0.019532919
55,86,1.1946297e-06,0.00019981248,0.010572287,0.019318799
56,86,1.0366648e-06,0.00018371658,0.010246725,0.01907657
57,86,8.837778e-07,0.00016715286,0.009892431,0.018807182
58,86,7.4020073e-07,0.0001504938,0.009513117,0.018511668
59,86,6.090537e-07,0.00013407948,0.009112645,0.018191157
60,86,4.9233756e-07,0.00011820738,0.008694963,0.017846841
61,86,3.9099467e-07,0.00010312522,0.008264044,0.017479984
62,86,3.0505572e-07,8.90272e-05,0.007823822,0.017091902
63,86,2.3382364e-07,7.60532e-05,0.007378137,0.016683947
64,86,1.7607483e-07,6.429077e-05,0.0069306763,0.016257513
65,86,1.3025905e-07,5.3779342e-05,0.0064849313,0.01581401
66,86,9.467126e-08,4.451613e-05,0.006044157,0.015354858
67,86,6.7597355e-08,3.646311e-05,0.0056113345,0.014881478
68,86,4.7417746e-08,2.955449e-05,0.0051891482,0.014395278
69,86,3.267791e-08,2.3704242e-05,0.0047799633,0.013897648
70,86,2.2124226e-08,1.8813109e-05,0.0043858145,0.013389944
71,86,1.4715721e-08,1.4774953e-05,0.0040084035,0.01287348
72,86,9.6160235e-09,1.1482112e-05,0.0036490974,0.012349522
73,86,6.173206e-09,8.829713e-06,0.0033089372,0.011819279
74,86,3.8933696e-09,6.7189208e-06,0.0029886514,0.011283895
75,86,2.4123539e-09,5.0591734e-06,0.0026886726,0.01074444
76,86,1.4684479e-09,3.769516e-06,0.002409158,0.01020191
77,86,8.781658e-10,2.7791789e-06,0.0021500124,0.009657214
78,86,5.15934e-10,2.0275475e-06,0.0019109149,0.009111179
79,86,2.977915e-10,1.4636865e-06,0.0016913448,0.008564544
80,86,1.6886159e-10,1.0455535e-06,0.0014906086,0.008017952
81,86,9.4069925e-11,7.3903357e-07,0.0013078662,0.007471958
82,86,5.1483966e-11,5.168925e-07,0.0011421563,0.006927026
83,86,2.7681706e-11,3.5772754e-07,0.0009924206,0.0063835266
84,86,1.4622222e-11,2.449725e-07,0.00085752556,0.0058417413
85,86,7.588138e-12,1.6599262e-07,0.00073628256,0.0053018685
86,86,3.86864e-12,1.1128883e-07,0.0006274642,0.0047640232
87,86,1.9376755e-12,7.3818896e-08,0.0005298196,0.004228241
88,86,9.534677e-13,4.843231e-08,0.00044208593,0.0036944875
89,86,4.609253e-13,3.141093e-08,0.00036299767,0.0031626613
90,86,2.1890409e-13,2.0102886e-08,0.00029129302,0.0026326024
91,86,1.02136324e-13,1.2636074e-08,0.00022571831,0.002104097
92,86,4.6817463e-14,7.696964e-09,0.00016503017,0.0015768899
93,86,2.1083094e-14,4.361367e-09,0.00010799569,0.0010506874
94,86,9.327396e-15,1.9646123e-09,5.3391246e-05,0.00052517006
95,86,0.0,0.0,0.0,0.0
0,87,0.0,0.0,0.0,0.0
1,87,4.671807e-15,1.3004774e-09,4.507865e-05,0.00046610666
2,87,1.0559814e-14,2.8874365e-09,9.118198e-05,0.0009325216
3,87,2.344934e-14,5.096871e-09,0.00013933773,0.0013995445
4,87,5.1156755e-14,8.369689e-09,0.0001905794,0.0018674597
5,87,1.09642343e-13,1.3319193e-08,0.00024594835,0.0023365263
6,87,2.3086201e-13,2.0817367e-08,0.00030649483,0.002806973
7,87,4.7756086e-13,3.2107447e-08,0.00037327773,0.0032789877
8,87,9.705204e-13,4.8951048e-08,0.00044736284,0.003752713
9,87,1.9376792e-12,7.3818875e-08,0.0005298193,0.0042282394
10,87,3.800665e-12,1.1013446e-07,0.0006217139,0.0047055976
11,87,7.323794e-12,1.625801e-07,0.00072410336,0.0051847543
12,87,1.3864864e-11,2.3747337e-07,0.0008380244,0.0056656087
13,87,2.578664e-11,3.4321968e-07,0.0009644816,0.006147986
14,87,4.7116738e-11,4.908428e-07,0.0011044325,0.006631634
15,87,8.457727e-11,6.945888e-07,0.0012587714,0.0071162246
16,87,1.4915434e-10,9.725896e-07,0.0014283103,0.0076013464
17,87,2.5841504e-10,1.3475646e-06,0.0016137596,0.008086507
18,87,4.3984463e-10,1.847519e-06,0.0018157052,0.008571135
19,87,7.354977e-10,2.5063907e-06,0.0020345876,0.009054574
20,87,1.208274e-09,3.3645763e-06,0.0022706783,0.009536094
21,87,1.9500621e-09,4.469252e-06,0.0025240576,0.010014882
22,87,3.0919576e-09,5.8743967e-06,0.002794593,0.010490058
23,87,4.8163527e-09,7.640411e-06,0.00308192,0.010960671
24,87,7.370625e-09,9.83323e-06,0.0033854237,0.011425706
25,87,1.1081304e-08,1.2522835e-05,0.0037042242,0.01188409
26,87,1.636733e-08,1.5781092e-05,0.0040371674,0.012334701
27,87,2.3750095e-08,1.9678873e-05,0.004382816,0.012776368
28,87,3.3857376e-08,2.4282483e-05,0.004739451,0.013207891
29,87,4.7417927e-08,2.9649427e-05,0.005105075,0.013628037
30,87,6.524251e-08,3.582373e-05,0.0054774196,0.0140355555
31,87,8.819031e-08,4.2830896e-05,0.0058539663,0.014429186
32,87,1.1711475e-07,5.0672945e-05,0.0062319674,0.014807664
33,87,1.5279261e-07,5.9323713e-05,0.006608471,0.0151697425
34,87,1.9583668e-07,6.872494e-05,0.0069803614,0.015514185
35,87,2.465963e-07,7.8783414e-05,0.007344396,0.015839787
36,87,3.0505572e-07,8.936968e-05,0.0076972507,0.016145382
37,87,3.7074275e-07,0.000100318466,0.008035569,0.016429849
38,87,4.426563e-07,0.00011143136,0.008356014,0.016692132
39,87,5.192316e-07,0.00012248142,0.008655324,0.016931228
40,87,5.9835105e-07,0.00013322003,0.008930364,0.017146217
41,87,6.774111e-07,0.00014338568,0.00917818,0.017336257
42,87,7.534399e-07,0.00015271411,0.009396061,0.017500596
43,87,8.2327665e-07,0.00016094962,0.009581572,0.017638579
44,87,8.837778e-07,0.00016785657,0.009732615,0.017749645
45,87,9.3205523e-07,0.00017323057,0.009847457,0.017833345
46,87,9.656957e-07,0.00017690845,0.00992477,0.017889334
47,87,9.829689e-07,0.00017877655,0.009963654,0.017917387
48,87,9.829689e-07,0.00017877655,0.009963654,0.017917389
49,87,9.656957e-07,0.00017690843,0.009924769,0.017889336
50,87,9.3205523e-07,0.00017323057,0.009847457,0.017833345
51,87,8.837778e-07,0.00016785657,0.009732614,0.017749645
52,87,8.2327665e-07,0.00016094962,0.009581571,0.017638577
53,87,7.534399e-07,0.00015271411,0.009396061,0.017500596
54,87,6.774111e-07,0.00014338568,0.009178181,0.017336257
55,87,5.9835105e-07,0.00013322003,0.008930364,0.017146217
56,87,5.192316e-07,0.00012248142,0.008655324,0.016931226
57,87,4.426563e-07,0.00011143136,0.008356014,0.016692132
58,87,3.7074275e-07,0.000100318466,0.008035569,0.01642985
59,87,3.0505572e-07,8.936968e-05,0.0076972507,0.01614538
60,87,2.465963e-07,7.878342e-05,0.007344396,0.015839785
61,87,1.9583668e-07,6.872494e-05,0.0069803614,0.015514184
62,87,1.5279261e-07,5.9323716e-05,0.006608471,0.015169742
63,87,1.1711475e-07,5.0672945e-05,0.006231968,0.014807664
64,87,8.819031e-08,4.2830896e-05,0.0058539673,0.014429185
65,87,6.524251e-08,3.5823727e-05,0.0054774205,0.0140355555
66,87,4.7417927e-08,2.964943e-05,0.005105076,0.013628038
67,87,3.3857376e-08,2.4282483e-05,0.004739452,0.013207891
68,87,2.3750095e-08,1.9678875e-05,0.004382817,0.012776368
69,87,1.636733e-08,1.5781094e-05,0.0040371683,0.012334701
70,87,1.1081304e-08,1.2522837e-05,0.0037042254,0.0118840905
71,87,7.370639e-09,9.833231e-06,0.0033854248,0.011425707
72,87,4.8163527e-09,7.640412e-06,0.0030819213,0.010960672
73,87,3.0919576e-09,5.8743976e-06,0.0027945943,0.010490059
74,87,1.9500621e-09,4.4692524e-06,0.0025240586,0.010014883
75,87,1.2082718e-09,3.3645767e-06,0.0022706792,0.009536095
76,87,7.354977e-10,2.5063914e-06,0.0020345885,0.009054576
77,87,4.3984463e-10,1.8475193e-06,0.001815706,0.008571137
78,87,2.5841504e-10,1.347565e-06,0.0016137604,0.008086509
79,87,1.4915405e-10,9.725899e-07,0.001428311,0.0076013478
80,87,8.457727e-11,6.9458895e-07,0.0012587719,0.007116226
81,87,4.7116738e-11,4.90843e-07,0.0011044329,0.0066316356
82,87,2.578669e-11,3.4321977e-07,0.000964482,0.0061479877
83,87,1.3864864e-11,2.3747342e-07,0.00083802483,0.0056656105
84,87,7.323794e-12,1.6258014e-07,0.0007241037,0.005184756
85,87,3.800665e-12,1.1013447e-07,0.0006217142,0.004705599
86,87,1.9376755e-12,7.3818896e-08,0.0005298196,0.004228241
87,87,9.705204e-13,4.895106e-08,0.00044736307,0.0037527147
88,87,4.7756086e-13,3.210745e-08,0.00037327793,0.003278989
89,87,2.3086332e-13,2.0817371e-08,0.00030649497,0.002806974
90,87,1.09642133e-13,1.3319195e-08,0.0002459485,0.0023365275
91,87,5.1156755e-14,8.369691e-09,0.0001905795,0.0018674607
92,87,2.344934e-14,5.0968723e-09,0.0001393378,0.0013995453
93,87,1.0559854e-14,2.8874374e-09,9.118204e-05,0.000932522
94,87,4.671807e-15,1.3004776e-09,4.507868e-05,0.00046610693
95,87,0.0,0.0,0.0,0.0
0,88,0.0,0.0,0.0,0.0
1,88,2.2988497e-15,8.514559e-10,3.76109e-05,0.0004072673
2,88,5.1961537e-15,1.8907629e-09,7.607701e-05,0.00081480393
3,88,1.1538686e-14,3.338294e-09,0.00011625612,0.001222872
4,88,2.5172638e-14,5.4833453e-09,0.0001590108,0.0016317195
5,88,5.3951564e-14,8.728486e-09,0.00020521024,0.0020415734
6,88,1.1359975e-13,1.3646303e-08,0.000255731,0.0024526329
7,88,2.349923e-13,2.1053442e-08,0.00031145694,0.0028650628
8,88,4.7756086e-13,3.2107447e-08,0.00037327773,0.0032789877
9,88,9.534677e-13,4.8432298e-08,0.00044208573,0.0036944859
10,88,1.870181e-12,7.227895e-08,0.00051877147,0.004111585
11,88,3.6038097e-12,1.0672692e-07,0.0006042172,0.004530256
12,88,6.8224528e-12,1.5593237e-07,0.00069928827,0.0049504107
13,88,1.26887745e-11,2.2542663e-07,0.00080482336,0.0053718956
14,88,2.3184583e-11,3.22466e-07,0.00092162204,0.0057944916
15,88,4.1617827e-11,4.564304e-07,0.0010504308,0.0062179114
16,88,7.33939e-11,6.392616e-07,0.001191928,0.0066417945
17,88,1.2715747e-10,8.8592617e-07,0.0013467065,0.007065713
18,88,2.1643336e-10,1.2148778e-06,0.0015152559,0.0074891653
19,88,3.619147e-10,1.648485e-06,0.0016979441,0.00791158
20,88,5.945527e-10,2.21338e-06,0.0018949981,0.008332317
21,88,9.595644e-10,2.9406726e-06,0.0021064852,0.008750668
22,88,1.5214526e-09,3.865967e-06,0.002332295,0.009165862
23,88,2.3699762e-09,5.0291133e-06,0.0025721237,0.009577069
24,88,3.6268468e-09,6.473625e-06,0.0028254576,0.009983404
25,88,5.452752e-09,8.245698e-06,0.0030915635,0.010383925
26,88,8.05382e-09,1.039279e-05,0.003369477,0.010777656
27,88,1.1686655e-08,1.2961713e-05,0.0036580001,0.011163574
28,88,1.6660092e-08,1.5996284e-05,0.003955697,0.011540626
29,88,2.3332788e-08,1.9534535e-05,0.0042608995,0.011907738
30,88,3.2103735e-08,2.36056e-05,0.0045717154,0.012263816
31,88,4.339561e-08,2.8226415e-05,0.0048860423,0.012607758
32,88,5.762839e-08,3.3398414e-05,0.005201584,0.012938464
33,88,7.5184246e-08,3.910443e-05,0.0055158804,0.013254837
34,88,9.6364815e-08,4.5306107e-05,0.005826327,0.013555802
35,88,1.2134197e-07,5.1942003e-05,0.0061302185,0.013840305
36,88,1.5010808e-07,5.892674e-05,0.0064247786,0.014107324
37,88,1.8243055e-07,6.615129e-05,0.0067072054,0.014355887
38,88,2.1781669e-07,7.3484676e-05,0.006974714,0.014585061
39,88,2.5549713e-07,8.0777114e-05,0.0072245793,0.014793977
40,88,2.944298e-07,8.7864464e-05,0.007454184,0.014981829
41,88,3.3333214e-07,9.457402e-05,0.007661065,0.015147882
42,88,3.7074312e-07,0.0001007313,0.007842954,0.015291478
43,88,4.051075e-07,0.000106167405,0.007997823,0.015412042
44,88,4.3487853e-07,0.00011072671,0.008123917,0.015509089
45,88,4.586343e-07,0.00011427419,0.008219789,0.015582223
46,88,4.7518768e-07,0.00011670207,0.008284331,0.015631147
47,88,4.836873e-07,0.000117935284,0.008316793,0.01565566
48,88,4.836873e-07,0.00011793529,0.008316793,0.01565566
49,88,4.7518768e-07,0.000116702075,0.00828433,0.015631147
50,88,4.586343e-07,0.00011427418,0.008219788,0.015582223
51,88,4.3487853e-07,0.00011072671,0.008123916,0.0155090885
52,88,4.051075e-07,0.000106167405,0.007997822,0.015412042
53,88,3.7074312e-07,0.0001007313,0.007842954,0.015291478
54,88,3.3333214e-07,9.457402e-05,0.0076610656,0.015147881
55,88,2.944298e-07,8.7864464e-05,0.0074541843,0.014981829
56,88,2.5549738e-07,8.0777114e-05,0.007224579,0.014793976
57,88,2.1781669e-07,7.3484676e-05,0.006974714,0.01458506
58,88,1.8243055e-07,6.61513e-05,0.0067072054,0.014355886
59,88,1.5010808e-07,5.8926744e-05,0.006424778,0.014107325
60,88,1.2134197e-07,5.194201e-05,0.006130218,0.013840303
61,88,9.6364815e-08,4.530611e-05,0.005826327,0.0135558015
62,88,7.5184246e-08,3.910443e-05,0.00551588,0.013254836
63,88,5.762839e-08,3.3398414e-05,0.005201585,0.012938464
64,88,4.339561e-08,2.8226415e-05,0.004886043,0.012607759
65,88,3.2103735e-08,2.36056e-05,0.004571716,0.012263816
66,88,2.3332788e-08,1.9534536e-05,0.0042609004,0.011907738
67,88,1.6660124e-08,1.5996284e-05,0.0039556976,0.011540626
68,88,1.1686633e-08,1.2961714e-05,0.003658001,0.011163574
69,88,8.05382e-09,1.03927905e-05,0.0033694783,0.010777656
70,88,5.452752e-09,8.2457e-06,0.0030915644,0.010383926
71,88,3.6268468e-09,6.473626e-06,0.0028254588,0.009983404
72,88,2.3699762e-09,5.029114e-06,0.0025721244,0.00957707
73,88,1.5214526e-09,3.8659673e-06,0.002332296,0.009165863
74,88,9.595644e-10,2.940673e-06,0.0021064861,0.008750668
75,88,5.945516e-10,2.2133806e-06,0.001894999,0.008332318
76,88,3.619147e-10,1.6484853e-06,0.001697945,0.007911581
77,88,2.1643336e-10,1.2148781e-06,0.0015152566,0.007489167
78,88,1.2715747e-10,8.859264e-07,0.0013467071,0.0070657143
79,88,7.33939e-11,6.392617e-07,0.0011919286,0.006641796
80,88,4.1617827e-11,4.564305e-07,0.0010504313,0.0062179123
81,88,2.3184583e-11,3.224661e-07,0.0009216224,0.0057944935
82,88,1.26887745e-11,2.2542669e-07,0.0008048237,0.005371897
83,88,6.8224528e-12,1.5593241e-07,0.0006992886,0.0049504125
84,88,3.6038097e-12,1.0672694e-07,0.00060421746,0.004530258
85,88,1.870181e-12,7.227897e-08,0.00051877176,0.0041115866
86,88,9.534677e-13,4.8432312e-08,0.00044208596,0.0036944875
87,88,4.7756086e-13,3.210745e-08,0.00037327793,0.0032789889
88,88,2.349923e-13,2.1053447e-08,0.00031145712,0.002865064
89,88,1.13600176e-13,1.3646305e-08,0.00025573114,0.002452634
90,88,5.395136e-14,8.728488e-09,0.00020521034,0.0020415746
91,88,2.5172638e-14,5.483346e-09,0.00015901089,0.0016317203
92,88,1.1538686e-14,3.3382948e-09,0.000116256175,0.0012228725
93,88,5.1961537e-15,1.8907633e-09,7.6077056e-05,0.00081480434
94,88,2.298841e-15,8.514561e-10,3.761092e-05,0.0004072675
95,88,0.0,0.0,0.0,0.0
0,89,0.0,0.0,0.0,0.0
1,89,1.1113077e-15,5.5104477e-10,3.088003e-05,0.0003486405
2,89,2.5119196e-15,1.2238495e-09,6.246244e-05,0.0006975115
3,89,5.5780203e-15,2.1612907e-09,9.545171e-05,0.0010468375
4,89,1.2168978e-14,3.5510037e-09,0.0001305563,0.0013968309
5,89,2.6081212e-14,5.654198e-09,0.00016849006,0.0017476858
6,89,5.4916487e-14,8.842538e-09,0.00020997299,0.0020995727
7,89,1.13600176e-13,1.3646303e-08,0.000255731,0.0024526329
8,89,2.3086332e-13,2.0817367e-08,0.00030649483,0.002806973
9,89,4.6092703e-13,3.1410924e-08,0.0003629975,0.00316266
10,89,9.040846e-13,4.6889983e-08,0.0004259705,0.0035197178
11,89,1.7421535e-12,6.9256686e-08,0.0004961385,0.0038781213
12,89,3.2981033e-12,1.01213956e-07,0.00057421246,0.004237795
13,89,6.133995e-12,1.4636004e-07,0.00066088134,0.004598607
14,89,1.120789e-11,2.0941661e-07,0.0007568019,0.004960371
15,89,2.0118887e-11,2.964889e-07,0.00086258777,0.005322839
16,89,3.548021e-11,4.153517e-07,0.0009787959,0.005685705
17,89,6.147057e-11,5.7575164e-07,0.0011059139,0.0060486016
18,89,1.04628e-10,7.897093e-07,0.0012443437,0.006411099
19,89,1.749571e-10,1.0717993e-06,0.001394388,0.006772708
20,89,2.8741862e-10,1.4393786e-06,0.0015562333,0.007132881
21,89,4.6387258e-10,1.9127274e-06,0.0017299351,0.0074910116
22,89,7.355019e-10,2.5150619e-06,0.0019154033,0.00784644
23,89,1.1456938e-09,3.2723735e-06,0.002112388,0.008198456
24,89,1.7532901e-09,4.21305e-06,0.002320468,0.008546298
25,89,2.635974e-09,5.3672397e-06,0.0025390408,0.0088891685
26,89,3.8933847e-09,6.76592e-06,0.0027673147,0.0092262225
27,89,5.649562e-09,8.439662e-06,0.0030043055,0.00955659
28,89,8.05382e-09,1.0417092e-05,0.0032488336,0.0098793665
29,89,1.12795355e-08,1.27230705e-05,0.0034995293,0.010193635
30,89,1.5519586e-08,1.5376665e-05,0.0037548384,0.010498458
31,89,2.0978302e-08,1.8388992e-05,0.004013033,0.010792892
32,89,2.7858713e-08,2.1761049e-05,0.004272229,0.011075993
33,89,3.6345632e-08,2.5481704e-05,0.0045304024,0.011346827
34,89,4.6584763e-08,2.9525998e-05,0.0047854157,0.01160447
35,89,5.8659182e-08,3.3853896e-05,0.005035046,0.01184802
36,89,7.2565236e-08,3.8409726e-05,0.0052770125,0.012076604
37,89,8.819065e-08,4.3122378e-05,0.0055090133,0.012289387
38,89,1.05297026e-07,4.7906404e-05,0.0057287607,0.012485574
39,89,1.2351241e-07,5.266405e-05,0.0059340154,0.012664419
40,89,1.4233323e-07,5.7288184e-05,0.006122628,0.01282523
41,89,1.6113955e-07,6.166608e-05,0.006292575,0.01296738
42,89,1.7922478e-07,6.568381e-05,0.006441992,0.013090307
43,89,1.9583723e-07,6.923111e-05,0.0065692123,0.013193517
44,89,2.1022895e-07,7.2206356e-05,0.0066727945,0.013276595
45,89,2.2171297e-07,7.452138e-05,0.0067515513,0.013339202
46,89,2.297152e-07,7.610581e-05,0.006804571,0.013381083
47,89,2.3382408e-07,7.69106e-05,0.0068312376,0.013402067
48,89,2.3382408e-07,7.6910605e-05,0.0068312376,0.013402067
49,89,2.297152e-07,7.610581e-05,0.006804571,0.013381083
50,89,2.2171297e-07,7.452138e-05,0.006751551,0.013339201
51,89,2.1022895e-07,7.2206356e-05,0.006672794,0.013276594
52,89,1.9583723e-07,6.923111e-05,0.006569212,0.013193517
53,89,1.7922478e-07,6.568381e-05,0.0064419913,0.013090307
54,89,1.6113955e-07,6.166608e-05,0.006292575,0.01296738
55,89,1.4233323e-07,5.7288184e-05,0.006122628,0.01282523
56,89,1.2351252e-07,5.2664047e-05,0.005934016,0.012664419
57,89,1.05297026e-07,4.7906404e-05,0.0057287603,0.012485574
58,89,8.819065e-08,4.3122378e-05,0.0055090133,0.012289387
59,89,7.2565236e-08,3.8409726e-05,0.0052770125,0.012076604
60,89,5.8659182e-08,3.38539e-05,0.005035046,0.011848019
61,89,4.6584763e-08,2.9526e-05,0.0047854157,0.011604469
62,89,3.6345632e-08,2.5481706e-05,0.0045304024,0.011346827
63,89,2.7858713e-08,2.1761047e-05,0.0042722295,0.011075993
64,89,2.0978302e-08,1.8388993e-05,0.0040130336,0.0107928915
65,89,1.5519586e-08,1.5376667e-05,0.0037548388,0.010498458
66,89,1.12795355e-08,1.2723071e-05,0.00349953,0.010193635
67,89,8.053836e-09,1.0417093e-05,0.003248834,0.0098793665
68,89,5.6495515e-09,8.439663e-06,0.0030043062,0.00955659
69,89,3.8933847e-09,6.7659203e-06,0.0027673154,0.0092262225
70,89,2.635974e-09,5.36724e-06,0.0025390415,0.0088891685
71,89,1.7532934e-09,4.213051e-06,0.002320469,0.0085463
72,89,1.1456938e-09,3.2723738e-06,0.0021123888,0.008198457
73,89,7.355019e-10,2.5150623e-06,0.001915404,0.007846441
74,89,4.6387258e-10,1.9127278e-06,0.001729936,0.0074910116
75,89,2.874181e-10,1.439379e-06,0.001556234,0.0071328813
76,89,1.749571e-10,1.0717996e-06,0.0013943887,0.0067727086
77,89,1.04628e-10,7.8970953e-07,0.0012443443,0.0064111
78,89,6.147057e-11,5.7575176e-07,0.0011059144,0.006048603
79,89,3.5480074e-11,4.1535182e-07,0.0009787964,0.0056857066
80,89,2.0118887e-11,2.96489e-07,0.0008625881,0.005322841
81,89,1.120789e-11,2.0941667e-07,0.00075680227,0.004960372
82,89,6.13403e-12,1.4636007e-07,0.00066088163,0.0045986082
83,89,3.2981033e-12,1.0121398e-07,0.00057421275,0.0042377957
84,89,1.7421535e-12,6.92567e-08,0.00049613876,0.0038781224
85,89,9.040846e-13,4.6889994e-08,0.00042597073,0.003519719
86,89,4.609253e-13,3.141093e-08,0.0003629977,0.0031626613
87,89,2.3086332e-13,2.0817371e-08,0.00030649497,0.002806974
88,89,1.13600176e-13,1.3646305e-08,0.00025573114,0.0024526338
89,89,5.4916592e-14,8.84254e-09,0.00020997308,0.0020995736
90,89,2.6081212e-14,5.654199e-09,0.00016849015,0.0017476868
91,89,1.2168978e-14,3.5510044e-09,0.00013055636,0.0013968316
92,89,5.5780203e-15,2.1612911e-09,9.545175e-05,0.0010468381
93,89,2.5119291e-15,1.2238498e-09,6.2462466e-05,0.0006975119
94,89,1.1113034e-15,5.510449e-10,3.0880045e-05,0.0003486407
95,89,0.0,0.0,0.0,0.0
0,90,0.0,0.0,0.0,0.0
1,90,5.277858e-16,3.519195e-10,2.4778452e-05,0.00029020855
2,90,1.1929688e-15,7.817191e-10,5.0120652e-05,0.00058060896
3,90,2.6491311e-15,1.3808091e-09,7.659205e-05,0.0008713882
4,90,5.779308e-15,2.2692825e-09,0.00010476128,0.0011627229
5,90,1.2386572e-14,3.6143903e-09,0.00013520132,0.0014547749
6,90,2.6081112e-14,5.654198e-09,0.00016849008,0.001747686
7,90,5.395136e-14,8.728486e-09,0.00020521024,0.0020415736
8,90,1.09642133e-13,1.3319192e-08,0.00024594835,0.0023365268
9,90,2.1890451e-13,2.0102885e-08,0.00029129288,0.0026326012
10,90,4.2937073e-13,3.0017908e-08,0.00034183095,0.0029298165
11,90,8.273891e-13,4.4348766e-08,0.00039814433,0.0032281524
12,90,1.5663487e-12,6.4830076e-08,0.00046080383,0.0035275451
13,90,2.9131818e-12,9.377169e-08,0.0005303625,0.0038278864
14,90,5.3228966e-12,1.342055e-07,0.0006073477,0.004129019
15,90,9.554925e-12,1.9005283e-07,0.0006922519,0.004430739
16,90,1.6850342e-11,2.663087e-07,0.0007855226,0.0047327904
17,90,2.9193797e-11,3.6923657e-07,0.00088755105,0.0050348663
18,90,4.9690453e-11,5.0656337e-07,0.0009986605,0.0053366106
19,90,8.309119e-11,6.8766e-07,0.0011190936,0.0056376155
20,90,1.3650203e-10,9.2368924e-07,0.0012490003,0.0059374245
21,90,2.2030384e-10,1.2276971e-06,0.0013884256,0.0062355343
22,90,3.4930625e-10,1.6146221e-06,0.0015372969,0.0065313946
23,90,5.441155e-10,2.1011926e-06,0.0016954142,0.0068244142
24,90,8.326797e-10,2.7056851e-06,0.0018624393,0.007113961
25,90,1.2518828e-09,3.4475138e-06,0.0020378889,0.007399367
26,90,1.8490587e-09,4.3466334e-06,0.002221127,0.0076799328
27,90,2.6831082e-09,5.4227444e-06,0.002411364,0.007954933
28,90,3.8249603e-09,6.694301e-06,0.0026076534,0.008223614
29,90,5.356923e-09,8.177341e-06,0.0028088952,0.008485213
30,90,7.370625e-09,9.884178e-06,0.0030138418,0.00873895
31,90,9.963082e-09,1.1822008e-05,0.0032211067,0.008984038
32,90,1.3230774e-08,1.399152e-05,0.0034291763,0.009219695
33,90,1.7261383e-08,1.6385591e-05,0.0036364265,0.009445137
34,90,2.2124183e-08,1.8988187e-05,0.0038411417,0.009659601
35,90,2.7858606e-08,2.1773569e-05,0.0040415362,0.0098623345
36,90,3.4462914e-08,2.4705914e-05,0.0042357794,0.01005261
37,90,4.1883784e-08,2.773946e-05,0.0044220244,0.010229732
38,90,5.0008e-08,3.0819192e-05,0.004598432,0.010393038
39,90,5.865896e-08,3.3882156e-05,0.004763207,0.01054191
40,90,6.7597355e-08,3.685935e-05,0.0049146223,0.010675771
41,90,7.652891e-08,3.967817e-05,0.005051053,0.0107940985
42,90,8.511809e-08,4.226521e-05,0.005171003,0.010896423
43,90,9.300764e-08,4.454943e-05,0.005273134,0.0109823365
44,90,9.9842794e-08,4.646535e-05,0.005356289,0.01105149
45,90,1.0529683e-07,4.795616e-05,0.005419515,0.011103605
46,90,1.0909717e-07,4.89765e-05,0.0054620793,0.011138468
47,90,1.11048585e-07,4.949478e-05,0.0054834867,0.011155935
48,90,1.11048585e-07,4.949478e-05,0.0054834867,0.011155935
49,90,1.0909717e-07,4.89765e-05,0.0054620793,0.011138468
50,90,1.0529683e-07,4.7956157e-05,0.005419515,0.011103605
51,90,9.9842794e-08,4.646535e-05,0.005356289,0.01105149
52,90,9.300764e-08,4.454943e-05,0.005273134,0.0109823365
53,90,8.511809e-08,4.2265205e-05,0.0051710033,0.010896423
54,90,7.652891e-08,3.9678165e-05,0.0050510527,0.0107940985
55,90,6.7597355e-08,3.685935e-05,0.0049146223,0.010675771
56,90,5.865896e-08,3.3882156e-05,0.0047632065,0.01054191
57,90,5.0008e-08,3.0819192e-05,0.004598432,0.010393038
58,90,4.1883784e-08,2.7739461e-05,0.004422024,0.010229732
59,90,3.4462914e-08,2.4705916e-05,0.0042357794,0.01005261
60,90,2.7858606e-08,2.1773569e-05,0.0040415362,0.009862334
61,90,2.2124183e-08,1.8988187e-05,0.0038411415,0.009659601
62,90,1.7261383e-08,1.6385593e-05,0.0036364265,0.009445137
63,90,1.3230774e-08,1.3991521e-05,0.0034291763,0.009219695
64,90,9.963082e-09,1.182201e-05,0.0032211067,0.008984039
65,90,7.370625e-09,9.884179e-06,0.0030138423,0.00873895
66,90,5.356923e-09,8.177341e-06,0.0028088954,0.008485213
67,90,3.8249603e-09,6.694301e-06,0.0026076536,0.008223615
68,90,2.6831082e-09,5.422745e-06,0.0024113646,0.007954932
69,90,1.8490587e-09,4.3466334e-06,0.0022211275,0.007679933
70,90,1.2518828e-09,3.447514e-06,0.0020378893,0.007399367
71,90,8.326797e-10,2.7056856e-06,0.0018624399,0.007113961
72,90,5.441155e-10,2.1011929e-06,0.0016954149,0.0068244147
73,90,3.4930625e-10,1.6146223e-06,0.0015372976,0.006531395
74,90,2.2030384e-10,1.2276973e-06,0.0013884262,0.006235535
75,90,1.3650177e-10,9.236894e-07,0.0012490009,0.005937425
76,90,8.309119e-11,6.876602e-07,0.0011190941,0.005637616
77,90,4.9690453e-11,5.0656354e-07,0.0009986609,0.0053366115
78,90,2.9193797e-11,3.692367e-07,0.00088755146,0.005034867
79,90,1.685031e-11,2.6630875e-07,0.000785523,0.0047327913
80,90,9.554925e-12,1.9005287e-07,0.0006922522,0.00443074
81,90,5.3228966e-12,1.3420554e-07,0.00060734793,0.0041290205
82,90,2.9131875e-12,9.377171e-08,0.0005303627,0.0038278874
83,90,1.5663487e-12,6.483009e-08,0.00046080406,0.0035275463
84,90,8.273891e-13,4.4348777e-08,0.00039814456,0.0032281533
85,90,4.2937073e-13,3.001791e-08,0.00034183112,0.0029298177
86,90,2.1890409e-13,2.0102888e-08,0.00029129302,0.0026326024
87,90,1.09642133e-13,1.3319195e-08,0.0002459485,0.0023365277
88,90,5.395136e-14,8.728488e-09,0.00020521034,0.0020415743
89,90,2.6081212e-14,5.654199e-09,0.00016849015,0.0017476866
90,90,1.2386572e-14,3.614391e-09,0.00013520138,0.0014547756
91,90,5.779308e-15,2.269283e-09,0.00010476134,0.0011627235
92,90,2.6491311e-15,1.3808096e-09,7.659209e-05,0.00087138865
93,90,1.1929734e-15,7.817192e-10,5.012068e-05,0.0005806093
94,90,5.277858e-16,3.5191955e-10,2.4778465e-05,0.0002902087
95,90,0.0,0.0,0.0,0.0
0,91,0.0,0.0,0.0,0.0
1,91,2.4625442e-16,2.207495e-10,1.9199297e-05,0.00023194797
2,91,5.566157e-16,4.904239e-10,3.8835507e-05,0.00046404934
3,91,1.236037e-15,8.664628e-10,5.9346876e-05,0.00069645344
4,91,2.696521e-15,1.424357e-09,8.1174105e-05,0.00092930155
5,91,5.779352e-15,2.2692828e-09,0.00010476128,0.0011627229
6,91,1.2168932e-14,3.5510035e-09,0.0001305563,0.001396831
7,91,2.5172638e-14,5.483345e-09,0.0001590108,0.0016317196
8,91,5.1156755e-14,8.369689e-09,0.0001905794,0.0018674599
9,91,1.02136324e-13,1.263607e-08,0.00022571819,0.0021040966
10,91,2.003359e-13,1.8873545e-08,0.0002648823,0.0023416448
11,91,3.8604414e-13,2.789144e-08,0.00030852263,0.002580089
12,91,7.3082735e-13,4.0783e-08,0.00035708174,0.002819378
13,91,1.359233e-12,5.9004403e-08,0.00041098823,0.0030594245
14,91,2.4835585e-12,8.4467565e-08,0.00047065096,0.0033001045
15,91,4.458148e-12,1.1964589e-07,0.00053645176,0.0035412535
16,91,7.862022e-12,1.6769089e-07,0.0006087375,0.0037826672
17,91,1.3621249e-11,2.3255535e-07,0.00068781164,0.004024101
18,91,2.3184583e-11,3.1911688e-07,0.00077392464,0.0042652693
19,91,3.8768707e-11,4.3329234e-07,0.0008672648,0.004505847
20,91,6.3689026e-11,5.821316e-07,0.0009679486,0.004745469
21,91,1.0278962e-10,7.738761e-07,0.0010760108,0.004983733
22,91,1.629797e-10,1.017965e-06,0.0011913952,0.005220199
23,91,2.53874e-10,1.3249713e-06,0.0013139469,0.0054543954
24,91,3.8851114e-10,1.706449e-06,0.0014434041,0.005685815
25,91,5.841049e-10,2.1746753e-06,0.0015793919,0.005913926
26,91,8.627342e-10,2.742272e-06,0.001721418,0.006138168
27,91,1.2518852e-09,3.421706e-06,0.0018688698,0.0063579613
28,91,1.7846475e-09,4.2246593e-06,0.0020210138,0.0065727057
29,91,2.4994296e-09,5.161291e-06,0.0021769977,0.0067817885
30,91,3.438988e-09,6.2394074e-06,0.0023358543,0.0069845873
31,91,4.648577e-09,7.4635855e-06,0.0024965086,0.0071804747
32,91,6.173206e-09,8.834287e-06,0.002657788,0.0073688235
33,91,8.05382e-09,1.0347032e-05,0.0028184329,0.0075490093
34,91,1.0322707e-08,1.1991711e-05,0.0029771137,0.0077204197
35,91,1.2998275e-08,1.3752074e-05,0.0031324462,0.0078824535
36,91,1.6079715e-08,1.5605483e-05,0.0032830117,0.008034533
37,91,1.9542146e-08,1.7523016e-05,0.0034273774,0.008176098
38,91,2.3332744e-08,1.9469893e-05,0.0035641189,0.008306621
39,91,2.7369111e-08,2.1406302e-05,0.0036918435,0.008425606
40,91,3.153959e-08,2.3288603e-05,0.0038092127,0.008532596
41,91,3.570688e-08,2.5070869e-05,0.003914967,0.008627168
42,91,3.9714415e-08,2.6706664e-05,0.0040079467,0.008708951
43,91,4.3395527e-08,2.8151042e-05,0.0040871142,0.0087776175
44,91,4.6584585e-08,2.9362576e-05,0.0041515725,0.008832889
45,91,4.912942e-08,3.030531e-05,0.004200582,0.008874542
46,91,5.0902585e-08,3.0950552e-05,0.004233576,0.008902405
47,91,5.1813075e-08,3.1278305e-05,0.00425017,0.008916367
48,91,5.1813075e-08,3.1278305e-05,0.00425017,0.008916367
49,91,5.0902585e-08,3.095055e-05,0.004233576,0.008902405
50,91,4.912942e-08,3.0305308e-05,0.004200582,0.008874542
51,91,4.6584585e-08,2.9362574e-05,0.0041515725,0.00883289
52,91,4.3395527e-08,2.8151042e-05,0.0040871142,0.0087776175
53,91,3.9714415e-08,2.6706663e-05,0.0040079467,0.008708951
54,91,3.570688e-08,2.5070867e-05,0.003914967,0.008627168
55,91,3.153959e-08,2.3288603e-05,0.003809213,0.008532596
56,91,2.7369163e-08,2.14063e-05,0.0036918435,0.008425606
57,91,2.3332744e-08,1.9469893e-05,0.0035641186,0.008306621
58,91,1.9542146e-08,1.7523018e-05,0.0034273772,0.008176098
59,91,1.6079715e-08,1.5605485e-05,0.0032830115,0.008034533
60,91,1.2998275e-08,1.3752074e-05,0.003132446,0.0078824535
61,91,1.0322707e-08,1.1991713e-05,0.0029771137,0.0077204197
62,91,8.05382e-09,1.0347034e-05,0.0028184329,0.0075490098
63,91,6.173206e-09,8.834286e-06,0.002657788,0.0073688235
64,91,4.648577e-09,7.463586e-06,0.0024965089,0.007180475
65,91,3.438988e-09,6.239408e-06,0.0023358543,0.0069845878
66,91,2.4994296e-09,5.161291e-06,0.002176998,0.006781789
67,91,1.784651e-09,4.2246597e-06,0.002021014,0.006572706
68,91,1.2518828e-09,3.4217064e-06,0.00186887,0.006357962
69,91,8.627342e-10,2.7422725e-06,0.0017214183,0.0061381687
70,91,5.841049e-10,2.1746753e-06,0.0015793922,0.005913926
71,91,3.885119e-10,1.7064493e-06,0.0014434046,0.005685815
72,91,2.53874e-10,1.3249714e-06,0.0013139474,0.005454395
73,91,1.629797e-10,1.0179651e-06,0.0011913957,0.0052202
74,91,1.0278962e-10,7.738762e-07,0.0010760111,0.0049837334
75,91,6.368891e-11,5.821317e-07,0.000967949,0.00474547
76,91,3.8768707e-11,4.332924e-07,0.0008672652,0.0045058476
77,91,2.3184583e-11,3.1911694e-07,0.000773925,0.00426527
78,91,1.3621249e-11,2.3255541e-07,0.00068781193,0.0040241014
79,91,7.862022e-12,1.6769093e-07,0.0006087378,0.003782668
80,91,4.458148e-12,1.1964592e-07,0.000536452,0.0035412544
81,91,2.4835585e-12,8.446759e-08,0.00047065117,0.0033001052
82,91,1.359233e-12,5.9004417e-08,0.0004109884,0.0030594254
83,91,7.3082735e-13,4.078301e-08,0.0003570819,0.0028193784
84,91,3.8604414e-13,2.7891446e-08,0.0003085228,0.0025800895
85,91,2.003359e-13,1.8873546e-08,0.00026488246,0.0023416458
86,91,1.02136324e-13,1.2636073e-08,0.00022571831,0.0021040973
87,91,5.1156755e-14,8.369691e-09,0.0001905795,0.0018674607
88,91,2.5172638e-14,5.4833458e-09,0.00015901089,0.0016317203
89,91,1.2168978e-14,3.5510042e-09,0.00013055636,0.0013968316
90,91,5.779308e-15,2.2692832e-09,0.00010476134,0.0011627235
91,91,2.696521e-15,1.4243573e-09,8.1174156e-05,0.000929302
92,91,1.236037e-15,8.6646296e-10,5.9346905e-05,0.00069645385
93,91,5.566178e-16,4.904241e-10,3.883553e-05,0.0004640496
94,91,2.4625442e-16,2.2074954e-10,1.9199306e-05,0.0002319481
95,91,0.0,0.0,0.0,0.0
0,92,0.0,0.0,0.0,0.0
1,92,1.1287861e-16,1.3420773e-10,1.4036574e-05,0.00017383051
2,92,2.5514266e-16,2.9820107e-10,2.8392638e-05,0.000347776
3,92,5.6657504e-16,5.269575e-10,4.338865e-05,0.0005219484
4,92,1.236037e-15,8.6646273e-10,5.9346876e-05,0.00069645344
5,92,2.6491413e-15,1.3808091e-09,7.659205e-05,0.00087138824
6,92,5.5780203e-15,2.1612907e-09,9.545171e-05,0.0010468377
7,92,1.1538686e-14,3.338294e-09,0.00011625612,0.0012228721
8,92,2.344934e-14,5.096871e-09,0.00013933773,0.0013995448
9,92,4.6817463e-14,7.696962e-09,0.00016503008,0.0015768892
10,92,9.183021e-14,1.149929e-08,0.00019366603,0.001754917
11,92,1.7695537e-13,1.6997928e-08,0.00022557532,0.0019336162
12,92,3.3499752e-13,2.486044e-08,0.0002610816,0.0021129486
13,92,6.230469e-13,3.597624e-08,0.00030049833,0.0022928487
14,92,1.1384165e-12,5.1513382e-08,0.00034412456,0.0024732237
15,92,2.0435314e-12,7.298334e-08,0.00039223957,0.0026539501
16,92,3.6038097e-12,1.02312406e-07,0.0004450971,0.002834875
17,92,6.2437247e-12,1.4191727e-07,0.000502919,0.0030158148
18,92,1.06273575e-11,1.9478064e-07,0.00056588865,0.003196556
19,92,1.777088e-11,2.6452162e-07,0.0006341437,0.0033768546
20,92,2.9193797e-11,3.5545338e-07,0.0007077695,0.0035564366
21,92,4.7116828e-11,4.726191e-07,0.0007867913,0.003735001
22,92,7.470669e-11,6.217963e-07,0.00087116845,0.0039122184
23,92,1.1637086e-10,8.094579e-07,0.00096078747,0.004087734
24,92,1.7808655e-10,1.0426793e-06,0.0010554569,0.0042611696
25,92,2.677422e-10,1.3289803e-06,0.0011549027,0.004432125
26,92,3.954604e-10,1.6760947e-06,0.001258765,0.0046001812
27,92,5.7384064e-10,2.0916625e-06,0.0013665957,0.004764903
28,92,8.180489e-10,2.5828465e-06,0.0014778585,0.004925841
29,92,1.1456938e-09,3.1558789e-06,0.00159193,0.0050825365
30,92,1.5763645e-09,3.8155536e-06,0.0017081032,0.0052345223
31,92,2.1308204e-09,4.564687e-06,0.0018255914,0.0053813285
32,92,2.8296816e-09,5.403577e-06,0.0019435375,0.0055224844
33,92,3.6917198e-09,6.3294965e-06,0.00206102,0.0056575234
34,92,4.731735e-09,7.336267e-06,0.0021770669,0.005785985
35,92,5.958165e-09,8.413947e-06,0.0022906652,0.0059074205
36,92,7.370639e-09,9.548687e-06,0.0024007778,0.0060213944
37,92,8.957753e-09,1.0722774e-05,0.0025063567,0.0061274893
38,92,1.0695292e-08,1.1914911e-05,0.00260636,0.006225309
39,92,1.2545486e-08,1.3100715e-05,0.0026997693,0.0063144816
40,92,1.4457128e-08,1.425345e-05,0.0027856056,0.0063946634
41,92,1.6367363e-08,1.5344976e-05,0.0028629478,0.0064655403
42,92,1.8204343e-08,1.6346841e-05,0.0029309473,0.006526832
43,92,1.9891694e-08,1.7231505e-05,0.0029888456,0.006578293
44,92,2.1353499e-08,1.7973573e-05,0.0030359866,0.0066197165
45,92,2.251996e-08,1.8551016e-05,0.0030718294,0.0066509326
46,92,2.3332788e-08,1.8946246e-05,0.0030959593,0.0066718147
47,92,2.375014e-08,1.9147004e-05,0.0031080954,0.006682277
48,92,2.375014e-08,1.9147004e-05,0.0031080954,0.006682277
49,92,2.3332788e-08,1.8946246e-05,0.0030959593,0.0066718142
50,92,2.251996e-08,1.8551014e-05,0.0030718294,0.0066509326
51,92,2.1353499e-08,1.7973573e-05,0.0030359866,0.006619716
52,92,1.9891694e-08,1.7231505e-05,0.0029888456,0.006578293
53,92,1.8204343e-08,1.6346841e-05,0.0029309473,0.006526832
54,92,1.6367363e-08,1.5344975e-05,0.0028629478,0.0064655403
55,92,1.4457128e-08,1.4253449e-05,0.0027856058,0.0063946634
56,92,1.2545486e-08,1.3100715e-05,0.0026997693,0.0063144816
57,92,1.0695292e-08,1.1914912e-05,0.00260636,0.006225309
58,92,8.957753e-09,1.0722775e-05,0.0025063567,0.0061274893
59,92,7.370639e-09,9.548687e-06,0.0024007778,0.0060213944
60,92,5.958165e-09,8.413947e-06,0.0022906652,0.0059074205
61,92,4.731735e-09,7.3362676e-06,0.0021770669,0.0057859854
62,92,3.6917198e-09,6.3294974e-06,0.0020610201,0.0056575234
63,92,2.8296816e-09,5.403577e-06,0.0019435375,0.0055224844
64,92,2.1308204e-09,4.564687e-06,0.0018255915,0.0053813285
65,92,1.5763645e-09,3.815554e-06,0.0017081033,0.0052345227
66,92,1.1456938e-09,3.1558793e-06,0.0015919303,0.005082537
67,92,8.180489e-10,2.5828467e-06,0.0014778588,0.0049258415
68,92,5.7384064e-10,2.0916627e-06,0.001366596,0.0047649033
69,92,3.954604e-10,1.6760948e-06,0.0012587652,0.0046001817
70,92,2.677422e-10,1.3289805e-06,0.0011549031,0.0044321255
71,92,1.7808655e-10,1.0426795e-06,0.0010554572,0.0042611696
72,92,1.1637086e-10,8.094581e-07,0.0009607878,0.0040877345
73,92,7.470669e-11,6.2179635e-07,0.0008711688,0.0039122184
74,92,4.7116828e-11,4.7261915e-07,0.0007867916,0.0037350012
75,92,2.9193797e-11,3.554534e-07,0.00070776977,0.003556437
76,92,1.777088e-11,2.6452167e-07,0.000634144,0.0033768548
77,92,1.06273575e-11,1.9478068e-07,0.0005658889,0.0031965566
78,92,6.2437247e-12,1.419173e-07,0.00050291925,0.0030158155
79,92,3.6038097e-12,1.02312434e-07,0.0004450973,0.0028348756
80,92,2.0435314e-12,7.2983354e-08,0.00039223974,0.0026539508
81,92,1.1384165e-12,5.1513396e-08,0.0003441247,0.0024732244
82,92,6.230481e-13,3.597625e-08,0.00030049845,0.0022928496
83,92,3.3499752e-13,2.4860444e-08,0.0002610817,0.0021129493
84,92,1.7695537e-13,1.6997932e-08,0.00022557544,0.0019336167
85,92,9.183021e-14,1.1499292e-08,0.00019366613,0.0017549177
86,92,4.6817463e-14,7.696964e-09,0.00016503017,0.0015768898
87,92,2.344934e-14,5.096872e-09,0.0001393378,0.0013995453
88,92,1.1538686e-14,3.3382945e-09,0.000116256175,0.0012228726
89,92,5.5780203e-15,2.1612911e-09,9.545175e-05,0.0010468381
90,92,2.6491311e-15,1.3808094e-09,7.659209e-05,0.00087138865
91,92,1.236037e-15,8.6646296e-10,5.9346905e-05,0.00069645385
92,92,5.6657504e-16,5.269576e-10,4.338867e-05,0.0005219487
93,92,2.5514266e-16,2.9820113e-10,2.8392653e-05,0.0003477762
94,92,1.1287818e-16,1.3420776e-10,1.4036581e-05,0.00017383062
95,92,0.0,0.0,0.0,0.0
0,93,0.0,0.0,0.0,0.0
1,93,5.0832204e-17,7.5925474e-11,9.185206e-06,0.000115823874
2,93,1.1489744e-16,1.6872101e-10,1.857951e-05,0.00023172436
3,93,2.5514266e-16,2.9820107e-10,2.8392638e-05,0.00034777602
4,93,5.566178e-16,4.90424e-10,3.883551e-05,0.00046404937
5,93,1.1929734e-15,7.817191e-10,5.0120652e-05,0.000580609
6,93,2.5119196e-15,1.2238495e-09,6.246244e-05,0.0006975116
7,93,5.1961537e-15,1.8907629e-09,7.607701e-05,0.000814804
8,93,1.0559854e-14,2.8874365e-09,9.118199e-05,0.0009325217
9,93,2.1083133e-14,4.361366e-09,0.000107995635,0.0010506869
10,93,4.1353636e-14,6.5172787e-09,0.00012673585,0.0011693076
11,93,7.9687504e-14,9.635649e-09,0.00014761843,0.0012883755
12,93,1.508579e-13,1.409552e-08,0.00017085519,0.0014078653
13,93,2.8057385e-13,2.0402009e-08,0.0001966514,0.0015277338
14,93,5.126579e-13,2.9218617e-08,0.00022520273,0.0016479181
15,93,9.202541e-13,4.1404093e-08,0.00025669203,0.001768337
16,93,1.6228903e-12,5.8053104e-08,0.00029128534,0.001888888
17,93,2.811708e-12,8.053923e-08,0.00032912794,0.0020094493
18,93,4.785778e-12,1.1055813e-07,0.00037033987,0.0021298777
19,93,8.002679e-12,1.5016764e-07,0.00041501125,0.0022500115
20,93,1.314676e-11,2.0182061e-07,0.00046319794,0.002369668
21,93,2.1217906e-11,2.6838578e-07,0.0005149166,0.0024886464
22,93,3.3642384e-11,3.5315006e-07,0.00057014055,0.0026067272
23,93,5.2404955e-11,4.5979678e-07,0.0006287956,0.0027236743
24,93,8.01969e-11,5.923528e-07,0.0006907564,0.0028392351
25,93,1.2057134e-10,7.5509894e-07,0.00075584376,0.0029531438
26,93,1.7808655e-10,9.524387e-07,0.00082382193,0.0030651204
27,93,2.5841554e-10,1.1887236e-06,0.0008943978,0.0031748754
28,93,3.6838893e-10,1.4680344e-06,0.00096722035,0.0032821095
29,93,5.15935e-10,1.7939234e-06,0.0010418816,0.0033865161
30,93,7.098797e-10,2.169125e-06,0.0011179185,0.0034877853
31,93,9.595644e-10,2.5952495e-06,0.0011948167,0.003585603
32,93,1.27428e-09,3.0724732e-06,0.0012720147,0.0036796564
33,93,1.6624785e-09,3.5992512e-06,0.0013489096,0.0037696336
34,93,2.1308246e-09,4.172073e-06,0.0014248649,0.0038552284
35,93,2.6831184e-09,4.785287e-06,0.0014992179,0.0039361417
36,93,3.3191925e-09,5.431013e-06,0.0015712898,0.0040120827
37,93,4.0339114e-09,6.099173e-06,0.0016403942,0.0040827747
38,93,4.816371e-09,6.7776427e-06,0.0017058493,0.0041479524
39,93,5.649562e-09,7.4525447e-06,0.0017669888,0.004207369
40,93,6.510437e-09,8.108656e-06,0.0018231715,0.0042607947
41,93,7.370653e-09,8.729955e-06,0.0018737946,0.00430802
42,93,8.197894e-09,9.300239e-06,0.0019183027,0.004348859
43,93,8.957753e-09,9.8038245e-06,0.0019561993,0.004383148
44,93,9.616041e-09,1.0226249e-05,0.0019870545,0.0044107484
45,93,1.01413296e-08,1.0554968e-05,0.002010515,0.004431548
46,93,1.0507368e-08,1.07799615e-05,0.002026309,0.0044454616
47,93,1.0695312e-08,1.08942495e-05,0.0020342525,0.0044524334
48,93,1.0695312e-08,1.08942495e-05,0.0020342525,0.0044524334
49,93,1.0507368e-08,1.07799615e-05,0.002026309,0.004445462
50,93,1.01413296e-08,1.0554968e-05,0.002010515,0.0044315476
51,93,9.616041e-09,1.022625e-05,0.0019870545,0.0044107484
52,93,8.957753e-09,9.803824e-06,0.0019561993,0.004383148
53,93,8.197894e-09,9.300239e-06,0.0019183028,0.004348859
54,93,7.370653e-09,8.729954e-06,0.0018737946,0.00430802
55,93,6.510437e-09,8.1086555e-06,0.0018231716,0.0042607947
56,93,5.649562e-09,7.452544e-06,0.0017669888,0.004207369
57,93,4.816371e-09,6.777643e-06,0.0017058493,0.0041479524
58,93,4.0339114e-09,6.099173e-06,0.0016403941,0.0040827747
59,93,3.3191925e-09,5.431013e-06,0.0015712896,0.0040120827
60,93,2.6831184e-09,4.785287e-06,0.0014992178,0.0039361417
61,93,2.1308246e-09,4.1720737e-06,0.0014248649,0.0038552284
62,93,1.6624785e-09,3.5992514e-06,0.0013489095,0.0037696336
63,93,1.27428e-09,3.0724734e-06,0.0012720147,0.0036796564
64,93,9.595644e-10,2.5952497e-06,0.0011948168,0.0035856033
65,93,7.098797e-10,2.1691255e-06,0.0011179186,0.0034877856
66,93,5.15935e-10,1.7939235e-06,0.0010418816,0.0033865166
67,93,3.6838962e-10,1.4680345e-06,0.00096722046,0.0032821097
68,93,2.5841504e-10,1.1887238e-06,0.0008943979,0.0031748756
69,93,1.7808655e-10,9.524389e-07,0.0008238221,0.0030651207
70,93,1.2057134e-10,7.5509905e-07,0.00075584394,0.0029531438
71,93,8.019705e-11,5.9235293e-07,0.00069075666,0.0028392351
72,93,5.2404955e-11,4.5979684e-07,0.0006287958,0.0027236743
73,93,3.3642384e-11,3.531501e-07,0.0005701408,0.0026067272
74,93,2.1217906e-11,2.6838583e-07,0.00051491684,0.0024886467
75,93,1.3146735e-11,2.0182067e-07,0.00046319814,0.0023696683
76,93,8.002679e-12,1.5016766e-07,0.00041501143,0.0022500118
77,93,4.785778e-12,1.10558155e-07,0.00037034,0.0021298782
78,93,2.811708e-12,8.053925e-08,0.0003291281,0.0020094498
79,93,1.6228872e-12,5.8053118e-08,0.00029128545,0.0018888884
80,93,9.202541e-13,4.1404107e-08,0.00025669212,0.0017683374
81,93,5.126579e-13,2.9218626e-08,0.00022520282,0.0016479186
82,93,2.8057493e-13,2.0402014e-08,0.00019665148,0.0015277342
83,93,1.508579e-13,1.4095523e-08,0.00017085529,0.0014078658
84,93,7.9687504e-14,9.635651e-09,0.0001476185,0.0012883758
85,93,4.1353636e-14,6.5172796e-09,0.00012673589,0.001169308
86,93,2.1083094e-14,4.361367e-09,0.00010799569,0.0010506873
87,93,1.0559854e-14,2.8874372e-09,9.118203e-05,0.00093252206
88,93,5.1961537e-15,1.8907633e-09,7.6077056e-05,0.00081480434
89,93,2.5119291e-15,1.2238497e-09,6.246247e-05,0.00069751195
90,93,1.1929734e-15,7.817192e-10,5.012068e-05,0.0005806093
91,93,5.566178e-16,4.904241e-10,3.8835533e-05,0.0004640496
92,93,2.5514266e-16,2.9820113e-10,2.8392653e-05,0.0003477762
93,93,1.1489744e-16,1.6872104e-10,1.8579522e-05,0.00023172448
94,93,5.0832012e-17,7.5925495e-11,9.185212e-06,0.000115823925
95,93,0.0,0.0,0.0,0.0
0,94,0.0,0.0,0.0,0.0
1,94,2.2488693e-17,3.4164258e-11,4.5409124e-06,5.789279e-05
2,94,5.0831817e-17,7.5925474e-11,9.185206e-06,0.000115823874
3,94,1.1287818e-16,1.3420773e-10,1.4036574e-05,0.00017383051
4,94,2.4625442e-16,2.207495e-10,1.9199295e-05,0.000231948
5,94,5.277858e-16,3.519195e-10,2.4778452e-05,0.00029020855
6,94,1.1113034e-15,5.5104477e-10,3.088003e-05,0.00034864052
7,94,2.298841e-15,8.514559e-10,3.76109e-05,0.00040726733
8,94,4.671807e-15,1.3004773e-09,4.5078654e-05,0.00046610675
9,94,9.327432e-15,1.9646118e-09,5.3391217e-05,0.00052516983
10,94,1.8295276e-14,2.9361815e-09,6.2656305e-05,0.0005844606
11,94,3.5254643e-14,4.3416852e-09,7.2980656e-05,0.0006439749
12,94,6.674122e-14,6.3521037e-09,8.446897e-05,0.0007037001
13,94,1.2412902e-13,9.195321e-09,9.722275e-05,0.00076361455
14,94,2.268056e-13,1.3170717e-08,0.00011133876,0.00082368695
15,94,4.071307e-13,1.8665824e-08,0.00012690738,0.00088387646
16,94,7.179862e-13,2.6174707e-08,0.00014401077,0.0009441321
17,94,1.2439335e-12,3.6317395e-08,0.00016272071,0.0010043929
18,94,2.117278e-12,4.9859402e-08,0.00018309659,0.0010645873
19,94,3.5404748e-12,6.7729864e-08,0.00020518298,0.0011246344
20,94,5.8162737e-12,9.103645e-08,0.00022900748,0.001184443
21,94,9.387039e-12,1.2107472e-07,0.00025457836,0.0012439126
22,94,1.4883796e-11,1.5932935e-07,0.0002818824,0.0013029336
23,94,2.318454e-11,2.0746428e-07,0.00031088304,0.0013613878
24,94,3.5480008e-11,2.6729887e-07,0.0003415182,0.0014191492
25,94,5.3342216e-11,3.4076749e-07,0.0003736993,0.0014760847
26,94,7.8787483e-11,4.2986025e-07,0.00040730985,0.0015320547
27,94,1.14325924e-10,5.365442e-07,0.00044220482,0.0015869142
28,94,1.6297907e-10,6.6266415e-07,0.00047821077,0.0016405135
29,94,2.2825543e-10,8.098269e-07,0.0005151259,0.0016926999
30,94,3.1405814e-10,9.792697e-07,0.0005527213,0.0017433177
31,94,4.2452206e-10,1.171722e-06,0.0005907427,0.0017922105
32,94,5.6375465e-10,1.3872658e-06,0.0006289123,0.0018392217
33,94,7.354991e-10,1.6252053e-06,0.0006669322,0.0018841955
34,94,9.427007e-10,1.8839565e-06,0.00070448755,0.0019269788
35,94,1.1870394e-09,2.160967e-06,0.0007412509,0.0019674222
36,94,1.4684479e-09,2.452678e-06,0.0007768862,0.0020053803
37,94,1.7846475e-09,2.7545366e-06,0.0008110544,0.0020407147
38,94,2.1308164e-09,3.0610659e-06,0.0008434183,0.0020732929
39,94,2.4994296e-09,3.365993e-06,0.0008736483,0.0021029913
40,94,2.8802902e-09,3.6624406e-06,0.00090142764,0.0021296951
41,94,3.2608596e-09,3.9431666e-06,0.0009264579,0.0021533004
42,94,3.626833e-09,4.2008483e-06,0.00094846485,0.0021737134
43,94,3.96301e-09,4.428397e-06,0.00096720265,0.002190852
44,94,4.2542445e-09,4.6192768e-06,0.0009824589,0.0022046478
45,94,4.4866377e-09,4.7678145e-06,0.0009940589,0.002215044
46,94,4.648577e-09,4.8694837e-06,0.0010018682,0.0022219988
47,94,4.7317257e-09,4.921128e-06,0.0010057958,0.0022254835
48,94,4.7317257e-09,4.921128e-06,0.0010057958,0.0022254835
49,94,4.648577e-09,4.8694837e-06,0.0010018682,0.0022219988
50,94,4.4866377e-09,4.7678145e-06,0.0009940589,0.0022150443
51,94,4.2542445e-09,4.6192763e-06,0.0009824589,0.0022046478
52,94,3.96301e-09,4.4283966e-06,0.00096720265,0.002190852
53,94,3.626833e-09,4.200848e-06,0.00094846485,0.0021737134
54,94,3.2608596e-09,3.943166e-06,0.000926458,0.0021533004
55,94,2.8802902e-09,3.6624403e-06,0.00090142764,0.0021296951
56,94,2.4994296e-09,3.365993e-06,0.0008736483,0.0021029913
57,94,2.1308164e-09,3.0610659e-06,0.0008434183,0.0020732929
58,94,1.7846475e-09,2.7545366e-06,0.0008110544,0.0020407147
59,94,1.4684479e-09,2.452678e-06,0.0007768861,0.0020053803
60,94,1.1870439e-09,2.160967e-06,0.0007412508,0.001967422
61,94,9.427007e-10,1.8839564e-06,0.00070448755,0.0019269789
62,94,7.354991e-10,1.6252054e-06,0.0006669322,0.0018841955
63,94,5.6375465e-10,1.3872659e-06,0.0006289123,0.0018392218
64,94,4.2452206e-10,1.1717221e-06,0.0005907427,0.0017922106
65,94,3.1405814e-10,9.792699e-07,0.0005527214,0.0017433178
66,94,2.2825543e-10,8.0982693e-07,0.000515126,0.0016927
67,94,1.629797e-10,6.626642e-07,0.00047821083,0.0016405137
68,94,1.143257e-10,5.3654423e-07,0.0004422049,0.0015869143
69,94,7.8787483e-11,4.2986034e-07,0.0004073099,0.0015320549
70,94,5.3342216e-11,3.4076754e-07,0.0003736994,0.0014760848
71,94,3.5480074e-11,2.6729893e-07,0.00034151832,0.0014191492
72,94,2.318454e-11,2.0746431e-07,0.00031088316,0.0013613878
73,94,1.4883796e-11,1.5932937e-07,0.00028188256,0.0013029336
74,94,9.387039e-12,1.2107473e-07,0.00025457848,0.0012439126
75,94,5.8162624e-12,9.103646e-08,0.00022900756,0.0011844431
76,94,3.5404748e-12,6.772988e-08,0.00020518307,0.0011246345
77,94,2.117278e-12,4.9859413e-08,0.00018309666,0.0010645875
78,94,1.2439335e-12,3.6317402e-08,0.00016272078,0.001004393
79,94,7.1798345e-13,2.6174712e-08,0.00014401082,0.00094413233
80,94,4.071307e-13,1.8665828e-08,0.00012690744,0.0008838767
81,94,2.268056e-13,1.31707205e-08,0.00011133881,0.0008236872
82,94,1.2412972e-13,9.195324e-09,9.72228e-05,0.0007636148
83,94,6.674122e-14,6.3521055e-09,8.4469015e-05,0.0007037003
84,94,3.5254643e-14,4.341686e-09,7.298069e-05,0.0006439751
85,94,1.8295276e-14,2.9361822e-09,6.265634e-05,0.0005844608
86,94,9.327396e-15,1.9646123e-09,5.3391246e-05,0.00052517006
87,94,4.671807e-15,1.3004776e-09,4.507868e-05,0.0004661069
88,94,2.298841e-15,8.514561e-10,3.761092e-05,0.00040726754
89,94,1.1113034e-15,5.510449e-10,3.0880048e-05,0.0003486407
90,94,5.277858e-16,3.5191955e-10,2.4778466e-05,0.0002902087
91,94,2.4625442e-16,2.2074954e-10,1.9199306e-05,0.0002319481
92,94,1.1287818e-16,1.3420776e-10,1.4036582e-05,0.00017383062
93,94,5.0832012e-17,7.592549e-11,9.185212e-06,0.000115823925
94,94,2.2488693e-17,3.4164265e-11,4.5409156e-06,5.7892823e-05
95,94,0.0,0.0,0.0,0.0
0,95,0.0,0.0,0.0,0.0
1,95,0.0,0.0,0.0,0.0
2,95,0.0,0.0,0.0,0.0
3,95,0.0,0.0,0.0,0.0
4,95,0.0,0.0,0.0,0.0
5,95,0.0,0.0,0.0,0.0
6,95,0.0,0.0,0.0,0.0
7,95,0.0,0.0,0.0,0.0
8,95,0.0,0.0,0.0,0.0
9,95,0.0,0.0,0.0,0.0
10,95,0.0,0.0,0.0,0.0
11,95,0.0,0.0,0.0,0.0
12,95,0.0,0.0,0.0,0.0
13,95,0.0,0.0,0.0,0.0
14,95,0.0,0.0,0.0,0.0
15,95,0.0,0.0,0.0,0.0
16,95,0.0,0.0,0.0,0.0
17,95,0.0,0.0,0.0,0.0
18,95,0.0,0.0,0.0,0.0
19,95,0.0,0.0,0.0,0.0
20,95,0.0,0.0,0.0,0.0
21,95,0.0,0.0,0.0,0.0
22,95,0.0,0.0,0.0,0.0
23,95,0.0,0.0,0.0,0.0
24,95,0.0,0.0,0.0,0.0
25,95,0.0,0.0,0.0,0.0
26,95,0.0,0.0,0.0,0.0
27,95,0.0,0.0,0.0,0.0
28,95,0.0,0.0,0.0,0.0
29,95,0.0,0.0,0.0,0.0
30,95,0.0,0.0,0.0,0.0
31,95,0.0,0.0,0.0,0.0
32,95,0.0,0.0,0.0,0.0
33,95,0.0,0.0,0.0,0.0
34,95,0.0,0.0,0.0,0.0
35,95,0.0,0.0,0.0,0.0
36,95,0.0,0.0,0.0,0.0
37,95,0.0,0.0,0.0,0.0
38,95,0.0,0.0,0.0,0.0
39,95,0.0,0.0,0.0,0.0
40,95,0.0,0.0,0.0,0.0
41,95,0.0,0.0,0.0,0.0
42,95,0.0,0.0,0.0,0.0
43,95,0.0,0.0,0.0,0.0
44,95,0.0,0.0,0.0,0.0
45,95,0.0,0.0,0.0,0.0
46,95,0.0,0.0,0.0,0.0
47,95,0.0,0.0,0.0,0.0
48,95,0.0,0.0,0.0,0.0
49,95,0.0,0.0,0.0,0.0
50,95,0.0,0.0,0.0,0.0
51,95,0.0,0.0,0.0,0.0
52,95,0.0,0.0,0.0,0.0
53,95,0.0,0.0,0.0,0.0
54,95,0.0,0.0,0.0,0.0
55,95,0.0,0.0,0.0,0.0
56,95,0.0,0.0,0.0,0.0
57,95,0.0,0.0,0.0,0.0
58,95,0.0,0.0,0.0,0.0
59,95,0.0,0.0,0.0,0.0
60,95,0.0,0.0,0.0,0.0
61,95,0.0,0.0,0.0,0.0
62,95,0.0,0.0,0.0,0.0
63,95,0.0,0.0,0.0,0.0
64,95,0.0,0.0,0.0,0.0
65,95,0.0,0.0,0.0,0.0
66,95,0.0,0.0,0.0,0.0
67,95,0.0,0.0,0.0,0.0
68,95,0.0,0.0,0.0,0.0
69,95,0.0,0.0,0.0,0.0
70,95,0.0,0.0,0.0,0.0
71,95,0.0,0.0,0.0,0.0
72,95,0.0,0.0,0.0,0.0
73,95,0.0,0.0,0.0,0.0
74,95,0.0,0.0,0.0,0.0
75,95,0.0,0.0,0.0,0.0
76,95,0.0,0.0,0.0,0.0
77,95,0.0,0.0,0.0,0.0
78,95,0.0,0.0,0.0,0.0
79,95,0.0,0.0,0.0,0.0
80,95,0.0,0.0,0.0,0.0
81,95,0.0,0.0,0.0,0.0
82,95,0.0,0.0,0.0,0.0
83,95,0.0,0.0,0.0,0.0
84,95,0.0,0.0,0.0,0.0
85,95,0.0,0.0,0.0,0.0
86,95,0.0,0.0,0.0,0.0
87,95,0.0,0.0,0.0,0.0
88,95,0.0,0.0,0.0,0.0
89,95,0.0,0.0,0.0,0.0
90,95,0.0,0.0,0.0,0.0
91,95,0.0,0.0,0.0,0.0
92,95,0.0,0.0,0.0,0.0
93,95,0.0,0.0,0.0,0.0
94,95,0.0,0.0,0.0,0.0
95,95,0.0,0.0,0.0,0.0
